  0.539647
  0.130476
  0.232769
  0.437354
  0.689414
 -0.004081
 -0.004081
  0.103010
  0.284632
  0.482265
  0.633162
  0.744232
  0.697364
  0.567497
  0.189967
  0.384382
  0.567497
  0.697364
  0.689414
  0.633162
  0.482265
  0.284632
  0.284632
  0.482265
  0.633162
  0.539647
  0.437354
  0.232769
  0.437354
  0.335061
  0.191636
  0.089344
  0.191636
  0.243500
  0.061878
  0.243500
  0.441133
  0.526365
  0.343249
 -0.010199
  0.656232
  0.648282
  0.592030
  0.441133
  0.243500
  0.498515
  0.396222
  0.191636
  0.089344
 -0.272212
 -0.094419
 -0.385348
 -0.272212
 -0.098879
  0.064788
  0.137622
 -0.385348
 -0.385348
 -0.272212
 -0.098879
  0.064788
  0.018710
 -0.094419
 -0.272212
 -0.272212
 -0.094419
 -0.143560
 -0.751847
 -0.751847
 -0.578514
 -0.751847
 -0.864983
 -0.864983
 -0.751847
 -0.578514
 -0.751847
 -0.864983
 -0.864983
 -0.751847
 -0.578514
 -0.574054
 -0.751847
 -0.751847
 -0.574054
 -0.623195
 -0.193407
 -0.034384
 -0.144267
 -0.322060
 -0.322060
 -0.144267
  0.077311
  0.004476
 -0.148727
 -0.322060
 -0.435195
 -0.435195
 -0.322060
  0.004476
 -0.148727
 -0.322060
 -0.435195
 -0.435195
 -0.144267
 -0.322060
  0.544100
  0.736504
  0.603556
  0.388442
  0.388442
  0.603556
  0.855416
  0.782582
  0.598160
  0.388442
  0.598160
  0.782582
  0.855416
  0.782582
  0.598160
  0.598160
  0.782582
  0.736504
  0.052483
 -0.210260
 -0.041168
  0.145998
 -0.406726
 -0.317507
 -0.167395
  0.080333
 -0.378848
 -0.454071
 -0.084951
  0.145998
 -0.004049
 -0.167395
 -0.317507
  0.052483
 -0.041168
 -0.210260
 -0.519794
 -0.435248
 -0.266156
 -0.542495
 -0.542495
 -0.392383
 -0.229037
 -0.104320
 -0.012519
 -0.309939
 -0.470624
 -0.470624
 -0.104320
 -0.229037
 -0.392383
 -0.542495
 -0.181610
 -0.266156
 -0.435248
 -0.435248
 -0.350702
 -0.087356
 -0.256448
 -0.171902
 -0.002810
  0.041510
 -0.368368
 -0.279149
 -0.129037
  0.041510
  0.126742
 -0.046593
 -0.415713
  0.126742
  0.248659
  0.192407
  0.041510
 -0.129037
 -0.368368
  0.192407
  0.098892
 -0.002810
 -0.171902
  0.233614
  0.436509
  0.700665
 -0.013003
  0.095642
  0.283031
  0.486938
  0.642627
  0.790961
  0.745813
  0.050813
  0.233614
  0.436509
  0.619310
  0.745813
  0.790961
  0.745813
  0.619310
  0.233614
  0.436509
  0.619310
  0.745813
  0.700665
  0.642627
  0.486938
  0.283031
  0.283031
  0.486938
  0.642627
  0.537956
  0.436509
  0.436509
  0.335061
  0.192482
  0.091035
  0.192482
  0.241898
  0.054510
  0.241898
  0.445806
  0.395376
  0.009680
  0.578178
  0.749829
  0.704681
  0.578178
  0.395376
  0.659532
  0.601494
  0.445806
  0.241898
  0.395376
  0.192482
 -0.360192
 -0.226306
 -0.060814
  0.088411
 -0.452756
 -0.411331
 -0.298158
 -0.143560
  0.013356
  0.150285
  0.150285
 -0.360192
 -0.411331
 -0.360192
 -0.226306
 -0.060814
  0.088411
  0.013356
 -0.066261
 -0.220859
 -0.298158
 -0.220859
 -0.066261
 -0.143560
 -0.700494
 -0.777793
 -0.700494
 -0.705941
 -0.839827
 -0.890967
 -0.839827
 -0.705941
 -0.623195
 -0.777793
 -0.890967
 -0.932391
 -0.890967
 -0.777793
 -0.623195
 -0.540449
 -0.705941
 -0.839827
 -0.890967
 -0.839827
 -0.705941
 -0.545896
 -0.700494
 -0.777793
 -0.700494
 -0.545896
 -0.623195
 -0.193407
 -0.038809
 -0.116108
 -0.270706
 -0.348005
 -0.270706
 -0.116108
  0.089974
  0.028100
 -0.110661
 -0.276153
 -0.410039
 -0.461179
 -0.410039
 -0.276153
  0.028100
  0.140094
  0.089974
 -0.038809
 -0.193407
 -0.348005
 -0.461179
 -0.502604
 -0.461179
  0.028100
 -0.110661
 -0.276153
 -0.410039
 -0.461179
 -0.270706
  0.544100
  0.731150
  0.637625
  0.450575
  0.357051
  0.450575
  0.637625
  0.868080
  0.806205
  0.644215
  0.443985
  0.281995
  0.443985
  0.644215
  0.806205
  0.918199
  0.868080
  0.731150
  0.544100
  0.731150
  0.868080
  0.868080
  0.806205
  0.644215
  0.806205
  0.050792
 -0.209561
 -0.041867
  0.155462
 -0.415648
 -0.323596
 -0.168718
  0.132146
 -0.502519
 -0.209561
  0.132146
 -0.041867
 -0.209561
 -0.360648
 -0.465204
  0.155462
 -0.000186
 -0.168718
 -0.323596
  0.050792
 -0.041867
 -0.209561
 -0.518396
 -0.434549
 -0.266855
 -0.548584
 -0.640636
 -0.640636
 -0.548584
 -0.393706
 -0.225174
 -0.434549
 -0.585636
 -0.585636
 -0.434549
 -0.266855
 -0.434549
 -0.585636
 -0.096497
 -0.225174
 -0.393706
 -0.548584
 -0.266855
 -0.434549
 -0.434549
 -0.350702
 -0.087356
 -0.171203
 -0.377290
 -0.285238
 -0.130360
 -0.426846
 -0.322290
 -0.003509
  0.178556
 -0.003509
 -0.464161
  0.178556
  0.259910
  0.201872
  0.046184
 -0.130360
 -0.285238
 -0.377290
  0.201872
  0.097201
 -0.003509
 -0.171203
  0.234401
  0.435722
  0.707054
 -0.018070
  0.091458
  0.282121
  0.489593
  0.648002
  0.821093
  0.032026
  0.226909
  0.443214
  0.638097
  0.772961
  0.861138
  0.821093
  0.133740
  0.335061
  0.536383
  0.707054
  0.821093
  0.821093
  0.772961
  0.638097
  0.443214
  0.226909
  0.226909
  0.443214
  0.638097
  0.772961
  0.707054
  0.648002
  0.489593
  0.282121
  0.282121
  0.489593
  0.648002
  0.536383
  0.435722
  0.435722
  0.335061
  0.193269
  0.092608
  0.193269
  0.240989
  0.050326
  0.240989
  0.448460
  0.402081
 -0.007527
  0.185777
  0.402081
  0.596965
  0.495250
  0.293929
  0.779961
  0.731829
  0.596965
  0.402081
  0.606869
  0.448460
  0.240989
  0.394590
  0.193269
 -0.432600
 -0.340832
 -0.186431
 -0.018419
 -0.481298
 -0.481298
 -0.403926
 -0.266908
 -0.101632
  0.065383
  0.198960
  0.190783
 -0.432600
 -0.432600
 -0.340832
 -0.186431
 -0.018419
  0.132923
  0.036737
 -0.056598
 -0.230521
 -0.317483
 -0.230521
 -0.056598
 -0.143560
 -0.710156
 -0.797118
 -0.710156
 -0.666066
 -0.820467
 -0.912236
 -0.912236
 -0.820467
 -0.581267
 -0.746543
 -0.883561
 -0.960933
 -0.960933
 -0.883561
 -0.746543
 -0.666066
 -0.820467
 -0.912236
 -0.912236
 -0.820467
 -0.666066
 -0.536234
 -0.710156
 -0.797118
 -0.710156
 -0.536234
 -0.623195
 -0.193407
 -0.019485
 -0.106446
 -0.280369
 -0.367330
 -0.280369
 -0.106446
  0.130471
  0.072612
 -0.068266
 -0.236279
 -0.390680
 -0.482448
 -0.482448
 -0.390680
  0.138649
  0.005071
 -0.151479
 -0.316755
 -0.453774
 -0.531145
 -0.531145
 -0.068266
 -0.236279
 -0.390680
 -0.482448
  0.544100
  0.754531
  0.649316
  0.438885
  0.333669
  0.438885
  0.649316
  0.908577
  0.850718
  0.695510
  0.492230
  0.305419
  0.492230
  0.695510
  0.850718
  0.964962
  0.916755
  0.783177
  0.594829
  0.783177
  0.916755
  0.908577
  0.850718
  0.695510
  0.850718
  0.049218
 -0.208911
 -0.042517
 -0.420715
 -0.327054
 -0.169470
 -0.527424
 -0.487642
 -0.376176
 -0.215103
  0.219890
  0.049218
 -0.527424
  0.150933
 -0.036325
 -0.215103
 -0.376176
  0.160837
  0.002429
 -0.169470
 -0.327054
  0.049218
 -0.042517
 -0.517096
 -0.433899
 -0.645703
 -0.645703
 -0.552042
 -0.394458
 -0.222981
 -0.601164
 -0.601164
 -0.440091
 -0.517096
 -0.517096
  0.013582
 -0.100240
 -0.261313
 -0.440091
 -0.601164
 -0.092054
 -0.222981
 -0.394458
 -0.552042
 -0.267505
 -0.433899
 -0.433899
 -0.350702
 -0.087356
 -0.170553
 -0.288697
 -0.131112
 -0.449284
 -0.337818
 -0.176745
  0.002459
  0.095628
 -0.489066
  0.197343
  0.002459
 -0.489066
  0.266299
  0.207247
  0.048838
 -0.131112
 -0.288697
 -0.382357
  0.095628
 -0.004160
 -0.170553
  0.235101
  0.435022
 -0.021033
  0.089011
  0.281590
  0.491145
  0.651144
  0.841279
  0.081952
  0.282147
  0.491491
  0.673787
  0.797515
  0.910711
  0.871839
  0.177527
  0.388176
  0.591651
  0.760472
  0.871839
  0.910711
  0.871839
  0.760472
  0.177527
  0.388176
  0.591651
  0.760472
  0.871839
  0.841279
  0.797515
  0.673787
  0.491491
  0.282147
  0.282147
  0.491491
  0.673787
  0.797515
  0.710790
  0.651144
  0.491145
  0.281590
  0.491145
  0.651144
  0.534983
  0.435022
  0.435022
  0.193969
  0.094008
  0.193969
  0.240457
  0.047879
  0.240457
  0.450013
 -0.095552
  0.040820
  0.241015
  0.450359
  0.550518
  0.347043
  0.719339
  0.550518
  0.347043
  0.800147
  0.756382
  0.632655
  0.450359
  0.610012
  0.450013
  0.240457
  0.393890
  0.193969
 -0.341442
 -0.186564
 -0.018032
 -0.520365
 -0.483049
 -0.378494
 -0.227407
 -0.059713
  0.110555
 -0.520365
 -0.483049
 -0.378494
 -0.227407
 -0.059713
  0.110555
  0.237057
  0.191909
 -0.341442
 -0.433494
 -0.433494
 -0.341442
 -0.186564
 -0.018032
  0.133871
  0.029200
 -0.059713
 -0.227407
 -0.311254
 -0.227407
 -0.059713
 -0.143560
 -0.790889
 -0.666199
 -0.821077
 -0.913129
 -0.913129
 -0.821077
 -0.707042
 -0.858129
 -0.962685
 -1.000000
 -0.962685
 -0.858129
 -0.707042
 -0.707042
 -0.858129
 -0.962685
 -1.000000
 -0.962685
 -0.858129
 -0.707042
 -0.666199
 -0.821077
 -0.913129
 -0.913129
 -0.821077
 -0.666199
 -0.539348
 -0.707042
 -0.790889
 -0.707042
 -0.623195
 -0.193407
 -0.025713
 -0.109560
 -0.277254
 -0.361101
 -0.277254
 -0.109560
  0.131598
  0.073560
 -0.067880
 -0.236411
 -0.391289
 -0.483341
 -0.483341
 -0.391289
  0.073560
  0.221894
  0.176746
  0.050243
 -0.109560
 -0.277254
 -0.428342
 -0.532897
 -0.570212
 -0.532897
  0.176746
  0.050243
 -0.109560
 -0.277254
 -0.428342
 -0.532897
 -0.570212
 -0.067880
 -0.236411
 -0.391289
  0.544100
  0.746995
  0.645547
  0.442653
  0.341206
  0.442653
  0.645547
  0.909704
  0.851665
  0.695977
  0.492069
  0.304681
  0.492069
  0.695977
  0.851665
  1.000000
  0.954852
  0.828349
  0.645547
  0.442653
  0.645547
  0.828349
  0.954852
  1.000000
  0.954852
  0.828349
  0.645547
  0.828349
  0.954852
  0.909704
  0.851665
  0.047818
 -0.208332
 -0.043096
 -0.423678
 -0.329077
 -0.169909
 -0.534965
 -0.464202
 -0.334911
 -0.169448
  0.273308
 -0.593393
  0.273308
  0.104487
 -0.081815
 -0.412435
 -0.530230
  0.186623
  0.004327
 -0.169448
 -0.334911
  0.163980
  0.003981
 -0.169909
 -0.043096
 -0.433320
 -0.648666
 -0.648666
 -0.554064
 -0.394897
 -0.221698
 -0.689190
 -0.689190
 -0.559899
 -0.394436
 -0.637423
 -0.480905
 -0.480905
 -0.637423
  0.038136
 -0.070742
 -0.221411
 -0.394436
 -0.559899
 -0.089457
 -0.221698
 -0.394897
 -0.554064
 -0.268084
 -0.433320
 -0.515939
 -0.433320
 -0.350702
 -0.169975
 -0.290719
 -0.131551
 -0.425844
 -0.296553
 -0.131090
  0.050737
 -0.491872
 -0.374078
 -0.043457
  0.150896
 -0.555035
  0.233033
  0.050737
  0.270036
  0.210390
  0.050390
 -0.131551
 -0.290719
 -0.385320
  0.094228
 -0.004738
 -0.169975
