-0.023189
-0.021445
-0.005807
-0.037352
-0.043423
-0.036396
-0.037309
-0.016126
-0.039282
-0.051540
-0.051730
-0.048665
-0.037050
-0.028284
-0.038670
-0.051811
-0.042621
-0.035912
-0.029256
 0.001622
-0.014630
 0.017101
 0.015909
-0.009656
-0.008895
-0.022835
 0.004525
-0.003309
 0.014750
 0.011584
 0.005609
-0.006615
-0.004793
 0.008383
 0.012691
 0.007218
 0.005505
 0.011005
 0.014016
 0.014423
 0.010984
 0.002972
 0.009390
 0.015471
 0.015517
 0.013551
 0.009788
 0.014373
 0.005147
 0.028632
 0.038499
 0.032882
 0.028160
 0.018338
 0.033477
 0.028816
 0.027469
 0.023755
 0.014072
 0.018507
 0.019319
 0.020675
 0.036660
 0.038960
 0.044029
 0.025223
 0.033538
 0.037619
 0.039777
 0.021214
 0.017937
 0.021958
 0.002210
-0.000929
-0.016811
-0.014916
 0.015308
-0.004347
-0.003405
 0.000318
-0.020346
-0.005175
-0.019377
-0.012205
 0.005844
-0.021673
-0.023296
-0.012683
 0.018154
-0.021465
-0.007127
-0.022390
-0.010918
-0.016896
-0.024864
-0.016500
-0.017114
-0.007981
-0.012330
-0.022751
-0.027887
-0.029819
-0.021120
-0.018722
-0.026403
-0.034809
-0.038787
-0.034021
-0.034221
-0.023086
-0.030308
-0.040126
-0.041490
-0.038013
-0.031444
-0.025464
-0.027998
-0.038492
-0.032503
-0.028897
-0.022831
 0.024096
 0.004452
-0.010293
-0.012067
-0.003450
 0.022910
-0.003790
 0.004620
 0.004216
 0.003497
-0.014751
-0.011264
 0.008486
 0.005456
 0.000795
-0.008228
 0.012129
 0.010253
 0.007418
 0.001788
-0.008075
-0.005674
 0.007804
 0.007550
 0.002193
 0.002439
 0.011482
 0.008641
 0.003139
 0.009272
 0.011837
 0.011880
 0.009621
 0.006229
 0.002669
 0.009663
 0.012074
 0.011843
 0.002910
 0.009059
 0.011198
 0.023682
 0.031274
 0.027883
 0.024670
 0.019606
 0.014744
 0.031288
 0.025859
 0.024101
 0.021704
 0.016585
 0.020624
 0.019627
 0.019329
 0.018471
 0.011143
 0.029256
 0.030640
 0.034943
 0.036287
 0.022268
 0.027737
 0.031778
 0.034289
 0.006827
 0.019219
 0.019098
 0.023362
 0.024353
 0.008259
 0.004174
 0.001208
-0.009598
-0.010402
 0.022413
 0.003678
 0.005557
 0.006977
 0.008904
-0.008635
-0.007823
 0.006262
-0.003104
-0.011882
-0.018644
 0.012900
-0.004379
-0.003389
 0.007456
-0.019454
-0.011087
-0.017021
-0.006597
-0.019740
-0.013975
-0.019101
-0.002370
-0.006693
-0.018730
 0.010976
-0.021770
-0.014065
-0.014463
-0.007132
 0.004682
-0.002924
-0.017462
-0.020439
-0.020375
-0.011732
-0.006490
-0.022396
-0.027041
-0.027934
-0.021759
-0.021472
-0.010459
-0.022431
-0.029459
-0.032412
-0.029730
-0.029114
-0.022310
-0.022031
-0.030742
-0.032990
-0.029942
-0.026031
-0.022046
-0.021232
-0.029412
-0.025365
-0.023272
-0.018301
 0.019873
 0.005908
 0.013151
-0.005964
-0.006614
 0.000176
 0.024920
 0.012315
 0.011208
-0.004258
-0.001994
-0.001784
-0.016390
-0.012117
 0.005163
 0.002176
-0.002847
-0.012289
 0.008913
 0.006886
 0.003715
-0.001954
-0.011250
 0.005637
 0.005109
 0.000005
 0.000570
 0.010986
 0.008499
 0.005160
 0.006753
 0.009241
 0.009858
 0.008828
 0.006472
 0.006044
 0.009079
 0.009671
 0.009564
 0.001688
 0.007022
 0.020126
 0.027574
 0.023901
 0.020736
 0.016300
 0.028471
 0.022504
 0.020589
 0.019002
 0.016109
 0.017850
 0.016446
 0.016135
 0.015712
 0.014605
 0.023984
 0.024662
 0.028958
 0.017190
 0.021674
 0.025500
 0.027961
 0.014584
 0.013600
 0.017910
 0.019463
 0.004076
 0.005542
 0.003159
-0.004585
-0.005976
 0.024686
 0.006742
 0.011014
 0.012821
-0.001722
 0.000346
 0.001490
 0.003524
-0.009996
-0.008938
 0.005211
-0.002846
-0.009655
-0.014875
-0.000052
-0.006259
 0.002226
-0.004512
-0.015565
-0.008981
-0.000462
-0.013298
-0.005539
 0.002329
-0.016192
-0.013597
-0.017761
-0.006358
-0.010510
 0.002599
-0.017743
-0.015822
-0.011837
-0.011940
-0.006056
 0.002202
-0.003681
-0.013108
-0.014907
-0.013907
-0.006040
-0.016017
-0.018923
-0.020865
-0.019505
-0.012834
-0.012003
-0.015909
-0.020914
-0.024293
-0.024469
-0.020396
-0.020511
-0.013985
-0.018135
-0.024062
-0.026671
-0.025361
-0.024326
-0.020240
-0.016691
-0.018527
-0.024636
-0.026402
-0.023977
-0.021539
-0.018811
-0.016769
-0.023117
-0.020265
 0.016636
 0.006461
 0.011276
-0.002765
-0.003188
 0.001967
 0.023620
 0.014822
-0.004166
 0.002559
 0.004481
 0.004688
-0.008806
-0.005312
-0.004383
-0.012275
-0.002590
 0.006422
 0.004124
 0.001302
-0.003238
-0.010878
 0.006641
 0.005088
 0.002337
-0.002353
-0.009470
 0.003539
 0.003055
-0.001156
-0.000614
 0.006828
 0.003181
 0.008685
 0.008356
 0.007298
 0.005214
 0.006226
 0.007881
 0.008132
 0.007351
 0.006273
 0.004125
 0.006851
 0.007703
 0.008187
 0.005076
 0.017411
 0.023050
 0.020578
 0.017800
 0.014282
 0.025083
 0.020211
 0.018237
 0.016629
 0.014070
 0.018801
 0.016489
 0.015666
 0.014971
 0.013763
 0.011222
 0.011304
 0.011556
 0.020063
 0.020387
 0.024172
 0.014615
 0.018512
 0.022000
 0.024543
 0.012863
 0.013626
 0.017290
 0.019290
 0.007040
 0.004715
 0.009505
 0.015378
 0.006232
 0.004312
-0.001450
-0.002721
 0.009845
 0.002440
 0.014191
 0.012305
 0.005115
 0.005909
 0.006732
 0.007613
-0.002559
-0.001469
-0.000074
-0.010127
-0.001775
-0.007227
-0.011299
 0.010322
 0.006011
 0.001595
-0.003164
-0.007795
 0.009324
 0.001824
-0.002131
 0.004929
-0.005835
-0.000364
-0.012511
-0.007233
-0.001007
-0.004600
 0.001135
-0.011979
-0.015304
-0.008511
-0.013092
 0.000057
-0.002021
-0.005212
-0.011510
 0.005322
-0.016197
 0.008523
-0.017997
-0.014352
-0.011031
 0.005918
-0.012878
-0.010045
-0.009925
-0.005202
 0.000714
-0.003919
