-0.025667
-0.044577
-0.047469
-0.033119
-0.023513
-0.048425
-0.054396
-0.052234
-0.044610
-0.026116
-0.038917
-0.050227
-0.053176
-0.052218
-0.046620
-0.031346
-0.022069
-0.042230
-0.049206
-0.049392
-0.038513
-0.011116
-0.034907
-0.035364
 0.002462
-0.007558
-0.005965
-0.014560
-0.000843
-0.001715
-0.014760
-0.018913
-0.017591
-0.012389
-0.000446
 0.008652
 0.004742
-0.012537
-0.002134
 0.001570
 0.017909
 0.017266
 0.019509
 0.015864
 0.020336
 0.018664
 0.018857
 0.020297
 0.020494
 0.014889
 0.020292
 0.014247
 0.014968
 0.017691
 0.018791
 0.020437
 0.017571
 0.018301
 0.021382
 0.019120
 0.014537
 0.012260
 0.015287
 0.018980
 0.014292
 0.013475
 0.015390
 0.014325
 0.009764
 0.007946
 0.013868
 0.015816
 0.011862
 0.005122
-0.007362
-0.010189
 0.010419
-0.004890
 0.011397
 0.024410
 0.009701
 0.016165
 0.033169
 0.038331
 0.029581
 0.023025
 0.025505
 0.035071
 0.043704
 0.037853
 0.038992
 0.018366
 0.014054
 0.019413
 0.016836
 0.013996
 0.006363
 0.009535
-0.008809
 0.018134
 0.008568
 0.009767
 0.016389
 0.018663
-0.006491
 0.001277
-0.031276
-0.035260
-0.024261
-0.036031
-0.042672
-0.041513
-0.034883
-0.019873
-0.025918
-0.038857
-0.043453
-0.043655
-0.040789
-0.033646
-0.019254
-0.024881
-0.036807
-0.041497
-0.042269
-0.039385
-0.030282
-0.010653
-0.015473
-0.031347
-0.037242
-0.036005
-0.023230
-0.005736
-0.022914
-0.020874
 0.006375
 0.002024
-0.002900
 0.009618
 0.005162
-0.003942
-0.009094
-0.008705
-0.011347
-0.004597
 0.005423
 0.002801
-0.007878
-0.012470
-0.009396
-0.006690
 0.000499
 0.007017
 0.009830
-0.004481
 0.003072
 0.005539
 0.014182
 0.015872
 0.013910
 0.016134
 0.015964
 0.012510
 0.014995
 0.016558
 0.016746
 0.014218
 0.015267
 0.013809
 0.014321
 0.014366
 0.005735
 0.008319
 0.015772
 0.016096
 0.014439
 0.015210
 0.016876
 0.016229
 0.013138
 0.012743
 0.013671
 0.016254
 0.015442
 0.012358
 0.007997
 0.010349
 0.013975
 0.015275
 0.010294
 0.012590
 0.011418
 0.008510
 0.005371
 0.007725
 0.011912
 0.013147
 0.010401
 0.006178
-0.000969
-0.006975
-0.002380
 0.012170
 0.005947
-0.003513
-0.020653
 0.006313
-0.000014
 0.018244
 0.023608
 0.018730
 0.011460
 0.012534
 0.022005
 0.030021
 0.030537
 0.023654
 0.019857
 0.019960
 0.024848
 0.030666
 0.033412
 0.028000
 0.029660
 0.014658
 0.010972
 0.016018
 0.014882
 0.007990
 0.015476
 0.004751
-0.008278
 0.012447
-0.008790
 0.007190
 0.008510
 0.009563
-0.005686
 0.004297
-0.023448
-0.027621
-0.018334
-0.024202
-0.033094
-0.034709
-0.031812
-0.024244
-0.015815
-0.028703
-0.034586
-0.036213
-0.035068
-0.031108
-0.023055
-0.009495
-0.015684
-0.027486
-0.033006
-0.034751
-0.033614
-0.028772
-0.017969
 0.000543
-0.022078
-0.028705
-0.029698
-0.024247
-0.006513
-0.016580
-0.013791
 0.005116
 0.004424
 0.007039
 0.003305
-0.002283
-0.005099
-0.004236
-0.006800
-0.001539
 0.005768
 0.012169
 0.001572
-0.005270
-0.008033
-0.005628
-0.003650
 0.000873
 0.004053
 0.006293
-0.002665
 0.003827
 0.005674
 0.012015
 0.013471
 0.011352
 0.013364
 0.013630
 0.010514
 0.012533
 0.013632
 0.013842
 0.012278
 0.011205
 0.010933
 0.011514
 0.011820
 0.003524
 0.006246
 0.013659
 0.013646
 0.012478
 0.012779
 0.013912
 0.013497
 0.011253
 0.007105
 0.011118
 0.011024
 0.013076
 0.012672
 0.010117
 0.006399
 0.007537
 0.010908
 0.008197
 0.010920
 0.009289
 0.006022
 0.003069
 0.005955
 0.010453
 0.009067
 0.005335
-0.000522
-0.007331
-0.008575
-0.000140
 0.005839
-0.001904
-0.015222
 0.006554
 0.003843
 0.015386
 0.017608
 0.007273
 0.005170
 0.010464
 0.019197
 0.024014
 0.022994
 0.016827
 0.015282
 0.015268
 0.018619
 0.023439
 0.026239
 0.021978
 0.023183
 0.012211
 0.008985
 0.013451
 0.012314
 0.005594
 0.013495
 0.010155
 0.007067
-0.002875
 0.002712
 0.005399
-0.006795
 0.009020
-0.008782
 0.005427
 0.010151
-0.004500
 0.003869
 0.004691
 0.005057
-0.004175
-0.020832
-0.013652
-0.023802
-0.027411
-0.026970
-0.023264
-0.015864
-0.020195
-0.026938
-0.029718
-0.029841
-0.027819
-0.023383
-0.015807
-0.016115
-0.023950
-0.028122
-0.029786
-0.029595
-0.027599
-0.023301
-0.015937
-0.005445
-0.009100
-0.019324
-0.024988
-0.027418
-0.027308
-0.024389
-0.017358
-0.004079
-0.013992
-0.020273
-0.022274
-0.019803
-0.010591
-0.010306
-0.006881
 0.003532
 0.002297
 0.000239
 0.000109
-0.001534
 0.006886
 0.001838
-0.002114
-0.004099
-0.003949
-0.004337
-0.001600
 0.002339
 0.011408
 0.003364
-0.002016
-0.004557
-0.001918
-0.001099
 0.001436
 0.003796
 0.006396
 0.000366
 0.005441
 0.006550
 0.011536
 0.009515
 0.011180
 0.011939
 0.008252
 0.010397
 0.011513
 0.011882
 0.011434
 0.008790
 0.009654
 0.010296
 0.010806
 0.011051
 0.006595
 0.006644
 0.007604
 0.008512
 0.011776
 0.010731
 0.011478
 0.011869
 0.011422
 0.009784
 0.010350
 0.011469
 0.011345
 0.009789
 0.006546
 0.008346
 0.008334
 0.010273
 0.010073
 0.008057
 0.003421
 0.005019
 0.008221
 0.006705
 0.009248
 0.007662
 0.004745
 0.002551
 0.005037
 0.008773
 0.007663
 0.004468
-0.000061
-0.004688
-0.005258
 0.000395
 0.006093
 0.001135
-0.006254
-0.016339
-0.002049
-0.000340
 0.009164
 0.010136
 0.000723
 0.010939
 0.015956
 0.016015
 0.007280
 0.006672
 0.010387
 0.016356
 0.019931
 0.019429
 0.015228
 0.013476
 0.013150
 0.015203
 0.018715
 0.020933
 0.018076
 0.018519
 0.010329
 0.007465
 0.011421
 0.010474
 0.004372
 0.011774
 0.011567
 0.010910
 0.009055
 0.005878
 0.011428
 0.006825
-0.001505
 0.008026
 0.004257
 0.002245
-0.005320
-0.002834
 0.006115
-0.006227
 0.002762
-0.000844
 0.004306
-0.006616
 0.003108
-0.002641
