 0.073194
 0.149450
 0.033910
 0.055545
 0.031512
 0.013456
 0.031383
 0.022877
 0.012295
 0.003912
 0.031512
 0.013456
 0.002609
 0.033910
 0.001317
-0.010931
 0.033910
 0.001317
-0.010931
 0.021182
 0.007480
-0.001564
 0.044545
 0.017424
 0.007770
 0.027945
 0.021182
 0.007480
 0.053861
 0.044545
 0.033910
 0.073194
 0.149450
-0.004011
 0.001254
-0.001706
-0.002898
-0.003076
 0.000560
-0.002430
-0.003716
-0.004331
-0.004984
-0.006871
-0.012408
-0.017021
 0.017184
 0.001473
 0.007782
 0.018455
 0.000922
 0.006908
 0.017213
 0.056006
-0.000905
 0.010478
 0.002271
-0.017021
-0.005785
-0.008633
 0.003954
-0.001285
-0.003189
-0.004086
-0.000539
-0.002454
-0.003093
-0.002999
 0.002271
 0.022097
-0.006982
 0.004153
 0.028136
-0.001743
 0.003691
 0.011078
 0.027694
-0.001006
 0.004331
 0.012248
 0.007991
-0.010083
-0.010166
-0.001791
-0.004194
 0.005155
-0.009713
-0.019239
 0.002592
-0.007813
-0.043084
-0.004102
 0.022612
 0.002532
-0.015823
 0.033231
 0.002183
 0.004540
-0.024534
-0.043084
 0.002592
-0.007813
-0.009713
-0.019239
-0.004386
-0.010083
-0.010166
-0.024534
 0.033231
 0.002183
 0.004540
-0.015823
 0.089403
-0.001179
 0.027059
-0.004102
 0.022612
 0.009643
 0.050769
 0.020582
 0.046083
 0.027337
 0.011598
 0.026258
 0.023159
 0.015027
 0.007294
 0.023159
 0.015027
 0.007294
 0.001218
 0.027337
 0.011598
 0.001470
 0.020582
-0.003771
-0.032460
 0.020582
-0.003771
-0.032460
 0.018440
 0.006147
-0.002910
 0.038001
 0.015027
 0.007294
 0.001218
 0.023159
 0.015027
 0.007294
 0.026258
 0.023159
 0.018440
 0.006147
 0.043267
 0.038001
 0.020582
 0.009643
 0.050769
-0.001423
-0.002680
-0.003002
 0.002039
-0.000909
-0.002267
-0.002806
-0.002630
 0.000014
-0.002574
-0.003824
-0.004619
-0.006014
-0.006963
-0.010185
 0.000355
 0.005441
 0.012960
-0.001458
 0.002132
 0.006494
 0.012786
 0.023592
-0.000872
 0.003924
 0.010255
 0.023229
-0.003890
 0.004167
 0.014911
-0.006014
-0.006963
-0.010185
 0.000014
-0.002574
-0.003824
-0.004619
 0.002039
-0.000909
-0.002267
-0.002806
-0.002630
-0.001423
-0.002680
-0.003002
 0.014911
-0.003890
 0.004167
 0.023229
-0.000872
 0.003924
 0.010255
 0.023592
-0.001458
 0.002132
 0.006494
 0.012786
 0.000355
 0.005441
 0.012960
-0.012459
-0.014691
-0.002225
-0.004799
-0.004958
-0.002419
 0.002809
-0.012316
-0.019863
-0.084003
-0.024944
-0.039703
-0.009445
 0.015261
 0.002266
 0.014649
-0.001572
-0.017225
 0.011504
-0.019590
-0.082790
-0.027939
-0.039703
-0.084003
-0.024944
-0.012316
-0.019863
-0.002419
-0.003887
-0.005163
-0.012459
-0.014691
-0.027939
 0.011504
-0.019590
-0.082790
-0.017225
 0.044559
-0.001572
-0.001576
 0.007382
 0.026124
-0.009445
 0.015261
-0.016084
 0.020274
 0.010997
 0.031517
 0.021153
 0.009169
 0.022604
 0.020154
 0.013101
 0.006300
 0.019937
 0.017619
 0.012371
 0.006867
 0.002157
 0.020154
 0.013101
 0.006300
 0.000715
 0.021153
 0.009169
 0.000078
 0.010997
-0.007364
-0.040171
 0.010997
-0.007364
-0.040171
 0.014692
 0.004425
-0.004282
 0.027752
 0.013101
 0.006300
 0.000715
 0.020154
 0.012371
 0.006867
 0.002157
 0.019937
 0.017619
 0.013101
 0.006300
 0.022604
 0.020154
 0.014692
 0.004425
 0.028597
 0.027752
 0.010997
-0.016084
 0.020274
-0.000988
-0.002321
-0.002716
 0.002535
-0.000454
-0.001846
-0.002417
-0.002285
 0.000493
-0.002054
-0.003265
-0.003923
-0.005459
-0.006426
-0.009419
 0.003452
 0.008903
 0.017556
 0.000995
 0.004455
 0.008995
 0.015730
-0.001998
 0.002046
 0.006583
 0.013515
-0.004620
 0.002975
 0.011362
-0.005459
-0.006426
-0.009419
-0.001044
-0.002756
-0.003644
-0.004106
 0.000748
-0.001280
-0.002216
-0.002450
 0.000225
-0.001797
-0.002621
 0.011362
-0.004620
 0.002975
 0.019202
 0.000055
 0.004160
 0.009565
 0.020473
-0.000541
 0.002638
 0.006535
 0.011992
 0.001301
 0.005926
 0.012650
-0.014222
-0.018229
-0.005570
-0.005843
-0.002296
 0.000458
-0.013184
-0.014427
-0.018946
-0.073445
-0.027682
-0.033693
-0.013897
 0.008266
 0.001523
 0.012999
-0.001622
-0.016964
-0.003839
 0.001563
-0.024589
-0.072747
-0.026174
-0.033693
-0.073445
-0.027682
-0.013184
-0.014427
-0.018946
-0.002296
-0.004607
-0.005993
-0.014222
-0.018229
-0.026174
 0.001563
-0.024589
-0.072747
-0.016964
-0.003839
 0.023210
-0.001622
-0.002353
 0.006357
-0.013897
 0.008266
-0.023930
 0.007000
 0.004575
 0.011066
 0.020169
 0.015153
 0.006580
 0.017364
 0.018449
 0.013966
 0.008254
 0.003058
 0.016040
 0.012749
 0.008342
 0.004104
 0.016040
 0.012749
 0.008342
 0.004104
 0.018449
 0.013966
 0.008254
 0.003058
-0.001495
 0.015153
 0.006580
-0.001288
-0.010161
 0.004575
-0.009411
-0.038254
 0.004575
-0.009411
-0.038254
 0.010802
 0.002606
-0.005404
 0.011093
 0.005566
 0.000714
 0.016588
 0.010578
 0.006161
 0.002206
 0.016574
 0.014660
 0.010578
 0.006161
 0.002206
 0.016574
 0.014660
 0.011093
 0.005566
 0.018876
 0.016588
 0.010802
 0.017483
 0.018843
 0.004575
-0.023930
 0.007000
-0.002500
 0.000017
-0.001411
-0.002022
-0.001962
 0.002341
-0.000426
-0.001759
-0.002377
-0.002431
-0.000346
-0.002430
-0.003521
-0.004234
-0.006666
 0.008591
 0.000354
 0.003258
 0.006888
 0.011832
-0.000122
 0.002691
 0.006037
 0.010543
 0.017212
-0.002601
 0.001270
 0.005253
 0.010725
 0.001469
-0.006666
-0.001580
-0.003047
-0.003906
-0.004529
 0.002341
-0.000426
-0.001759
-0.002377
-0.002431
 0.000017
-0.001411
-0.002022
-0.001962
-0.001971
 0.001469
 0.014638
-0.000594
 0.003167
 0.007698
 0.017212
-0.000122
 0.002691
 0.006037
 0.010543
 0.000354
 0.003258
 0.006888
 0.011832
 0.005687
-0.015133
-0.020072
-0.006227
-0.006642
-0.002186
-0.003209
-0.002872
-0.001456
-0.007672
-0.045060
-0.012894
-0.013391
-0.017185
-0.054173
-0.025104
-0.027591
-0.016621
 0.002495
 0.000457
 0.010586
 0.001117
 0.006502
 0.014273
-0.000296
 0.010661
 0.010803
-0.015722
-0.005596
-0.003288
-0.023230
-0.053764
-0.022715
-0.027591
-0.054173
-0.025104
-0.012894
-0.013391
-0.017185
 0.001568
-0.003658
-0.001826
-0.001093
-0.002868
-0.003226
-0.005280
-0.006691
-0.015133
-0.020072
-0.022715
-0.003288
-0.023230
-0.053764
-0.015722
-0.005596
 0.012413
-0.054037
-0.005226
-0.000907
 0.003559
 0.010046
-0.003298
 0.004869
-0.016621
 0.002495
