-5.0913631000e-03
-9.9072829000e-03
-8.8167942000e-03
-6.8029080000e-03
-4.1148142000e-03
-9.6447013000e-03
-7.5756666000e-03
-5.7369586000e-03
-6.3761774000e-03
-5.8862721000e-03
-7.0832825000e-03
-6.1902870000e-03
-4.6003983000e-03
-5.2752467000e-03
-7.7223333000e-03
-8.5358415000e-03
-4.7873258000e-03
-6.4139077000e-03
-6.5841730000e-03
-9.3480845000e-03
-1.2038522300e-02
-4.8432781000e-03
-9.2578880000e-03
-1.2141926700e-02
-3.8997061000e-03
-5.2296155000e-03
-7.7542970000e-04
-3.4249660000e-03
1.3212762000e-03
-5.5568131000e-03
-6.9291572000e-03
-6.2305621000e-03
-6.7095432000e-03
-6.7527597000e-03
-4.1948658000e-03
-1.9193334000e-03
-3.3034320000e-04
-4.2974888000e-03
-3.0120993000e-03
-4.9720281000e-03
3.7039307000e-03
6.3444944000e-03
7.9196491000e-03
5.2510634000e-03
8.1403758000e-03
6.9904157000e-03
6.1845022000e-03
8.0642185000e-03
8.4690803000e-03
4.6391508000e-03
6.3064547000e-03
5.2047710000e-03
5.8017347000e-03
7.4154843000e-03
6.9465426000e-03
8.3705892000e-03
6.6604739000e-03
6.8545174000e-03
8.8925168000e-03
7.3914271000e-03
5.1091666000e-03
4.1917017000e-03
5.4972202000e-03
6.6416990000e-03
4.4185213000e-03
6.6790161000e-03
6.7213616000e-03
7.3563849000e-03
7.1029983000e-03
4.6530765000e-03
4.9339086000e-03
6.7381690000e-03
5.7349824000e-03
5.2583816000e-03
1.6308602000e-03
-5.6534390000e-04
4.1979780000e-03
9.8454820000e-04
-3.3996923000e-03
-6.7487900000e-05
-3.6458810000e-03
-1.7989280000e-03
3.9905766000e-03
5.6088374000e-03
3.9467791000e-03
2.9655428000e-03
7.8160620000e-04
4.4444017000e-03
8.0745359000e-03
7.0729789000e-03
6.4143271000e-03
8.7028688000e-03
4.7424033000e-03
8.5785256000e-03
7.0039746000e-03
5.5734172000e-03
4.9374896000e-03
4.3958197000e-03
-2.3233452000e-03
5.3685838000e-03
4.3939170000e-03
-8.4034230000e-04
5.4955685000e-03
5.6061840000e-03
-1.5347992000e-03
-3.1215845000e-03
-6.5009968000e-03
-6.9961161000e-03
-5.2204441000e-03
-7.4128075000e-03
-7.1637533000e-03
-6.0908811000e-03
-6.0030621000e-03
-4.7096717000e-03
-5.3137422000e-03
-6.6928550000e-03
-5.6786049000e-03
-4.9584362000e-03
-5.5132031000e-03
-6.5183049000e-03
-5.7357738000e-03
-5.0162123000e-03
-5.7145226000e-03
-5.1930108000e-03
-5.6181446000e-03
-7.1867214000e-03
-8.3002261000e-03
-6.4086029000e-03
-4.2311431000e-03
-6.2449034000e-03
-7.0000551000e-03
-8.7430065000e-03
-9.3293835000e-03
-4.5273972000e-03
-7.5899200000e-03
-8.8505042000e-03
-9.1913490000e-04
-1.2162319000e-03
5.0941030000e-04
-2.6903615000e-03
-3.7542267000e-03
-5.1051160000e-03
-4.8233654000e-03
-2.8152098000e-03
-4.1664338000e-03
-2.3452259000e-03
2.0888410000e-04
-2.7617820000e-03
-4.2807297000e-03
-4.7880895000e-03
-4.7174890000e-03
-5.1497338000e-03
-3.9486412000e-03
-2.8396212000e-03
7.3368210000e-04
-2.5925701000e-03
-1.9433371000e-03
-3.1039294000e-03
5.0465570000e-03
6.1796266000e-03
4.7542883000e-03
6.1820874000e-03
6.0113641000e-03
3.9439144000e-03
5.0957210000e-03
6.4128877000e-03
6.6053796000e-03
4.6008890000e-03
4.2637554000e-03
4.5525907000e-03
5.4090148000e-03
5.2801897000e-03
1.9237774000e-03
3.0674029000e-03
5.7856361000e-03
6.2935539000e-03
5.4083886000e-03
5.3497938000e-03
6.6312893000e-03
6.3817672000e-03
4.7544232000e-03
3.6520764000e-03
4.8092306000e-03
6.2367033000e-03
5.6912886000e-03
4.0193022000e-03
2.7011189000e-03
3.2238307000e-03
4.4228861000e-03
4.1829697000e-03
5.0198184000e-03
5.2775035000e-03
5.5373832000e-03
5.4669654000e-03
4.1700726000e-03
3.4967933000e-03
4.3329179000e-03
5.5595357000e-03
4.9038631000e-03
4.6187855000e-03
2.9667852000e-03
6.3205720000e-04
7.3916550000e-04
4.3763285000e-03
3.1315506000e-03
1.3001677000e-03
-3.3465356000e-03
-3.4747818000e-03
-5.4306473000e-03
1.0543500000e-04
1.5013969000e-03
2.9942210000e-04
-2.1040170000e-03
-1.5427964000e-03
1.6397919000e-03
4.2661479000e-03
4.5596963000e-03
3.3964564000e-03
2.0744120000e-03
6.2248780000e-04
2.1567132000e-03
4.5311808000e-03
5.7692296000e-03
4.6798360000e-03
4.3502991000e-03
6.1052258000e-03
3.5208648000e-03
6.6735307000e-03
6.5882432000e-03
2.8221247000e-03
5.2335466000e-03
2.2580100000e-03
-2.1846092000e-03
3.5125493000e-03
-3.8128786000e-03
-1.0813420000e-04
2.8094678000e-03
1.7398890000e-03
-2.3258314000e-03
-3.3673582000e-03
-4.3246602000e-03
-5.3339623000e-03
-3.8456832000e-03
-4.6165842000e-03
-5.9342930000e-03
-5.4637850000e-03
-5.1742996000e-03
-4.8945972000e-03
-2.9992393000e-03
-5.2832348000e-03
-5.2563929000e-03
-4.7319117000e-03
-4.7641262000e-03
-5.3428267000e-03
-5.5066710000e-03
-3.8452595000e-03
-3.3037556000e-03
-4.8931167000e-03
-4.8722857000e-03
-4.8999273000e-03
-5.6169273000e-03
-6.5418987000e-03
-6.3410683000e-03
-3.9511487000e-03
-5.0157625000e-03
-5.7147972000e-03
-6.5507441000e-03
-7.3717020000e-03
-5.6733284000e-03
-5.9634247000e-03
-6.5382525000e-03
-7.3615320000e-04
1.6561550000e-04
-2.3997632000e-03
-3.0509752000e-03
-3.6166387000e-03
-3.0998155000e-03
-1.5526947000e-03
-2.8501690000e-03
-1.3625103000e-03
5.6239220000e-04
-8.1667490000e-04
-2.4039387000e-03
-3.2980362000e-03
-3.4632522000e-03
-3.4864344000e-03
-3.6326469000e-03
-2.9345440000e-03
-2.4878513000e-03
-1.7268600000e-04
-2.2663981000e-03
-1.5569392000e-03
-2.2965550000e-03
4.2872655000e-03
5.1587164000e-03
3.8614245000e-03
5.0051928000e-03
5.0306346000e-03
3.2377543000e-03
4.2832581000e-03
5.1372927000e-03
5.2656313000e-03
3.9271263000e-03
2.8778873000e-03
3.4860751000e-03
4.1474073000e-03
4.1566885000e-03
9.4060310000e-04
2.1190785000e-03
4.9305921000e-03
5.2350328000e-03
4.7226867000e-03
4.3843281000e-03
5.2773853000e-03
5.2036516000e-03
4.1469735000e-03
2.6211098000e-03
3.2210136000e-03
3.7025356000e-03
4.7909497000e-03
4.5808686000e-03
3.3507585000e-03
1.9622754000e-03
2.0294591000e-03
3.1802596000e-03
4.0229527000e-03
4.5375850000e-03
4.4973762000e-03
4.1214972000e-03
2.9857391000e-03
2.7813983000e-03
3.8237925000e-03
4.0930748000e-03
3.6211897000e-03
2.4406278000e-03
4.1840640000e-04
-6.4783070000e-04
8.1583030000e-04
2.7295878000e-03
1.2024438000e-03
-2.0877898000e-03
-2.6030995000e-03
-3.0920905000e-03
1.0770670000e-04
5.9002180000e-04
-2.3412052000e-03
-2.7104303000e-03
-1.0574252000e-03
1.6666577000e-03
3.1369835000e-03
3.0219601000e-03
1.9993659000e-03
1.1625240000e-03
6.8312100000e-05
1.1453896000e-03
3.0101920000e-03
4.1433286000e-03
3.3093668000e-03
3.0277216000e-03
4.8518316000e-03
3.0630863000e-03
5.4170301000e-03
5.2154319000e-03
1.9867472000e-03
4.8389262000e-03
3.8191561000e-03
2.6414570000e-03
3.6142660000e-04
1.3709312000e-03
1.7411987000e-03
-1.6155998000e-03
2.5681624000e-03
-3.0584681000e-03
3.3819280000e-04
1.9843433000e-03
-4.3098250000e-04
-2.3839221000e-03
1.2272959000e-03
-2.3994270000e-04
-2.4990144000e-03
-3.8723830000e-03
-2.6737059000e-03
-4.2731672000e-03
-4.6968319000e-03
-4.5255075000e-03
-4.2782624000e-03
-3.4515431000e-03
-3.7017429000e-03
-4.5952276000e-03
-4.4975620000e-03
-4.3035302000e-03
-4.3854999000e-03
-4.5193999000e-03
-4.0295295000e-03
-3.0943094000e-03
-4.2051596000e-03
-4.3179341000e-03
-4.2015618000e-03
-4.3189709000e-03
-4.7253569000e-03
-5.0867240000e-03
-4.8400612000e-03
-3.6214519000e-03
-2.1466740000e-03
-3.9030505000e-03
-4.3878388000e-03
-4.5726726000e-03
-4.9914457000e-03
-5.5526977000e-03
-5.5750193000e-03
-4.1073249000e-03
-3.9284139000e-03
-4.8037905000e-03
-5.3521968000e-03
-5.7863199000e-03
-5.2104027000e-03
-4.5974934000e-03
-4.5976557000e-03
-1.9394752000e-03
-2.0455129000e-03
-1.8785918000e-03
-8.5779940000e-04
-7.4318920000e-04
-1.6942162000e-03
-2.3498806000e-03
-2.6427732000e-03
-2.4498374000e-03
-1.8065210000e-03
-2.4341255000e-03
-1.7784471000e-03
-8.3422500000e-04
4.6198500000e-05
-1.2593224000e-03
-2.1260289000e-03
-2.5357105000e-03
-2.3976206000e-03
-2.6346831000e-03
-2.3717591000e-03
-2.0901041000e-03
-4.2223600000e-05
-1.5075213000e-03
-9.4953430000e-04
-1.4464061000e-03
4.3828360000e-03
3.2982024000e-03
4.1277147000e-03
4.4595892000e-03
2.6436111000e-03
3.5598531000e-03
4.2476670000e-03
4.4593321000e-03
3.9119695000e-03
2.3478032000e-03
2.8096116000e-03
3.4695536000e-03
3.8994041000e-03
3.9358879000e-03
8.5610560000e-04
1.6958974000e-03
2.4704630000e-03
2.7609730000e-03
4.5424911000e-03
4.1230483000e-03
3.9494259000e-03
4.4227935000e-03
4.3608163000e-03
3.6810812000e-03
3.4625476000e-03
4.1912150000e-03
4.2513767000e-03
3.5922280000e-03
2.4049450000e-03
2.4459695000e-03
2.5945773000e-03
3.4905212000e-03
3.3884585000e-03
2.4920016000e-03
8.8485010000e-04
8.9244100000e-04
2.0060534000e-03
3.3529092000e-03
3.8907390000e-03
3.7683082000e-03
3.2964621000e-03
2.4684921000e-03
2.4854672000e-03
3.3824159000e-03
3.6345129000e-03
3.1319713000e-03
2.1817307000e-03
8.1459690000e-04
1.1786190000e-04
9.6858390000e-04
2.8868125000e-03
1.9338409000e-03
2.7778570000e-04
-2.3438088000e-03
5.8767210000e-04
-3.4641205000e-03
-1.1577722000e-03
-1.1242242000e-03
-3.1014750000e-03
-2.6955330000e-04
1.0612182000e-03
1.0872587000e-03
-1.6381095000e-03
-1.5565861000e-03
-3.6137650000e-04
1.4582157000e-03
2.5441624000e-03
2.5524921000e-03
1.8117026000e-03
9.2951110000e-04
1.8440210000e-04
8.3701440000e-04
2.1444694000e-03
3.0065985000e-03
2.4374446000e-03
2.1423010000e-03
4.0789840000e-03
2.7568518000e-03
4.5229563000e-03
4.3546418000e-03
1.7009322000e-03
4.3699694000e-03
4.5346486000e-03
4.3182617000e-03
3.6419492000e-03
1.8225075000e-03
3.7821086000e-03
2.6998085000e-03
3.8186990000e-04
2.3496452000e-03
1.5305125000e-03
6.3997360000e-04
-1.0918906000e-03
-1.2493672000e-03
1.0580276000e-03
-3.1654408000e-03
-1.3642525000e-03
1.6927530000e-04
7.4406730000e-04
-1.9998508000e-03
-1.1121280000e-03
-2.3966208000e-03
