-0.005091
-0.009907
-0.008817
-0.006803
-0.004115
-0.009645
-0.007576
-0.005737
-0.006376
-0.005886
-0.007083
-0.006190
-0.004600
-0.005275
-0.007722
-0.008536
-0.004787
-0.006414
-0.006584
-0.009348
-0.012039
-0.004843
-0.009258
-0.012142
-0.003900
-0.005230
-0.000775
-0.003425
 0.001321
-0.005557
-0.006929
-0.006231
-0.006710
-0.006753
-0.004195
-0.001919
-0.000330
-0.004297
-0.003012
-0.004972
 0.003704
 0.006344
 0.007920
 0.005251
 0.008140
 0.006990
 0.006185
 0.008064
 0.008469
 0.004639
 0.006306
 0.005205
 0.005802
 0.007415
 0.006947
 0.008371
 0.006660
 0.006855
 0.008893
 0.007391
 0.005109
 0.004192
 0.005497
 0.006642
 0.004419
 0.006679
 0.006721
 0.007356
 0.007103
 0.004653
 0.004934
 0.006738
 0.005735
 0.005258
 0.001631
-0.000565
 0.004198
 0.000985
-0.003400
-0.000067
-0.003646
-0.001799
 0.003991
 0.005609
 0.003947
 0.002966
 0.000782
 0.004444
 0.008075
 0.007073
 0.006414
 0.008703
 0.004742
 0.008579
 0.007004
 0.005573
 0.004937
 0.004396
-0.002323
 0.005369
 0.004394
-0.000840
 0.005496
 0.005606
-0.001535
-0.003122
-0.006501
-0.006996
-0.005220
-0.007413
-0.007164
-0.006091
-0.006003
-0.004710
-0.005314
-0.006693
-0.005679
-0.004958
-0.005513
-0.006518
-0.005736
-0.005016
-0.005715
-0.005193
-0.005618
-0.007187
-0.008300
-0.006409
-0.004231
-0.006245
-0.007000
-0.008743
-0.009329
-0.004527
-0.007590
-0.008851
-0.000919
-0.001216
 0.000509
-0.002690
-0.003754
-0.005105
-0.004823
-0.002815
-0.004166
-0.002345
 0.000209
-0.002762
-0.004281
-0.004788
-0.004717
-0.005150
-0.003949
-0.002840
 0.000734
-0.002593
-0.001943
-0.003104
 0.005047
 0.006180
 0.004754
 0.006182
 0.006011
 0.003944
 0.005096
 0.006413
 0.006605
 0.004601
 0.004264
 0.004553
 0.005409
 0.005280
 0.001924
 0.003067
 0.005786
 0.006294
 0.005408
 0.005350
 0.006631
 0.006382
 0.004754
 0.003652
 0.004809
 0.006237
 0.005691
 0.004019
 0.002701
 0.003224
 0.004423
 0.004183
 0.005020
 0.005278
 0.005537
 0.005467
 0.004170
 0.003497
 0.004333
 0.005560
 0.004904
 0.004619
 0.002967
 0.000632
 0.000739
 0.004376
 0.003132
 0.001300
-0.003347
-0.003475
-0.005431
 0.000105
 0.001501
 0.000299
-0.002104
-0.001543
 0.001640
 0.004266
 0.004560
 0.003396
 0.002074
 0.000622
 0.002157
 0.004531
 0.005769
 0.004680
 0.004350
 0.006105
 0.003521
 0.006674
 0.006588
 0.002822
 0.005234
 0.002258
-0.002185
 0.003513
-0.003813
-0.000108
 0.002809
 0.001740
-0.002326
-0.003367
-0.004325
-0.005334
-0.003846
-0.004617
-0.005934
-0.005464
-0.005174
-0.004895
-0.002999
-0.005283
-0.005256
-0.004732
-0.004764
-0.005343
-0.005507
-0.003845
-0.003304
-0.004893
-0.004872
-0.004900
-0.005617
-0.006542
-0.006341
-0.003951
-0.005016
-0.005715
-0.006551
-0.007372
-0.005673
-0.005963
-0.006538
-0.000736
 0.000166
-0.002400
-0.003051
-0.003617
-0.003100
-0.001553
-0.002850
-0.001363
 0.000562
-0.000817
-0.002404
-0.003298
-0.003463
-0.003486
-0.003633
-0.002935
-0.002488
-0.000173
-0.002266
-0.001557
-0.002297
 0.004287
 0.005159
 0.003861
 0.005005
 0.005031
 0.003238
 0.004283
 0.005137
 0.005266
 0.003927
 0.002878
 0.003486
 0.004147
 0.004157
 0.000941
 0.002119
 0.004931
 0.005235
 0.004723
 0.004384
 0.005277
 0.005204
 0.004147
 0.002621
 0.003221
 0.003703
 0.004791
 0.004581
 0.003351
 0.001962
 0.002029
 0.003180
 0.004023
 0.004538
 0.004497
 0.004121
 0.002986
 0.002781
 0.003824
 0.004093
 0.003621
 0.002441
 0.000418
-0.000648
 0.000816
 0.002730
 0.001202
-0.002088
-0.002603
-0.003092
 0.000108
 0.000590
-0.002341
-0.002710
-0.001057
 0.001667
 0.003137
 0.003022
 0.001999
 0.001163
 0.000068
 0.001145
 0.003010
 0.004143
 0.003309
 0.003028
 0.004852
 0.003063
 0.005417
 0.005215
 0.001987
 0.004839
 0.003819
 0.002641
 0.000361
 0.001371
 0.001741
-0.001616
 0.002568
-0.003058
 0.000338
 0.001984
-0.000431
-0.002384
 0.001227
-0.000240
-0.002499
-0.003872
-0.002674
-0.004273
-0.004697
-0.004526
-0.004278
-0.003452
-0.003702
-0.004595
-0.004498
-0.004304
-0.004385
-0.004519
-0.004030
-0.003094
-0.004205
-0.004318
-0.004202
-0.004319
-0.004725
-0.005087
-0.004840
-0.003621
-0.002147
-0.003903
-0.004388
-0.004573
-0.004991
-0.005553
-0.005575
-0.004107
-0.003928
-0.004804
-0.005352
-0.005786
-0.005210
-0.004597
-0.004598
-0.001939
-0.002046
-0.001879
-0.000858
-0.000743
-0.001694
-0.002350
-0.002643
-0.002450
-0.001807
-0.002434
-0.001778
-0.000834
 0.000046
-0.001259
-0.002126
-0.002536
-0.002398
-0.002635
-0.002372
-0.002090
-0.000042
-0.001508
-0.000950
-0.001446
 0.004383
 0.003298
 0.004128
 0.004460
 0.002644
 0.003560
 0.004248
 0.004459
 0.003912
 0.002348
 0.002810
 0.003470
 0.003899
 0.003936
 0.000856
 0.001696
 0.002470
 0.002761
 0.004542
 0.004123
 0.003949
 0.004423
 0.004361
 0.003681
 0.003463
 0.004191
 0.004251
 0.003592
 0.002405
 0.002446
 0.002595
 0.003491
 0.003388
 0.002492
 0.000885
 0.000892
 0.002006
 0.003353
 0.003891
 0.003768
 0.003296
 0.002468
 0.002485
 0.003382
 0.003635
 0.003132
 0.002182
 0.000815
 0.000118
 0.000969
 0.002887
 0.001934
 0.000278
-0.002344
 0.000588
-0.003464
-0.001158
-0.001124
-0.003101
-0.000270
 0.001061
 0.001087
-0.001638
-0.001557
-0.000361
 0.001458
 0.002544
 0.002552
 0.001812
 0.000930
 0.000184
 0.000837
 0.002144
 0.003007
 0.002437
 0.002142
 0.004079
 0.002757
 0.004523
 0.004355
 0.001701
 0.004370
 0.004535
 0.004318
 0.003642
 0.001823
 0.003782
 0.002700
 0.000382
 0.002350
 0.001531
 0.000640
-0.001092
-0.001249
 0.001058
-0.003165
-0.001364
 0.000169
 0.000744
-0.002000
-0.001112
-0.002397
