  0.448477
  0.210108
  0.806031
  0.386757
  0.600111
  0.751423
  0.448477
  0.210108
  0.461452
  0.676328
  0.761189
  0.676328
  0.217104
  0.461452
  0.676328
  0.622641
  0.467740
  0.217104
  0.217104
  0.467740
  0.398466
  0.398466
  0.622641
  0.467740
  0.217104
  0.217104
  0.467740
  0.761189
  0.676328
  0.217104
  0.461452
  0.676328
  0.461452
  0.676328
  0.660443
  0.505542
  0.798991
  0.714130
  0.499254
  0.254906
  0.798991
  0.714130
  0.499254
  0.254906
  0.660443
  0.505542
 -0.010722
  0.109575
 -0.276666
  0.109575
 -0.276666
 -0.010722
 -0.169862
 -0.418076
 -0.293969
 -0.045755
 -0.302714
 -0.037009
  0.159499
 -0.418076
 -0.169862
  0.070228
 -0.302714
 -0.037009
  0.159499
 -0.418076
 -0.293969
 -0.045755
 -0.169862
 -0.609711
 -0.609711
 -0.609711
 -0.787648
 -0.787648
 -0.609711
 -0.609711
 -0.787648
 -0.787648
 -0.609711
 -0.609711
 -0.609711
 -0.158746
 -0.034638
 -0.282853
 -0.406960
  0.169463
 -0.025893
 -0.291598
 -0.506558
 -0.588665
  0.080192
 -0.158746
 -0.406960
 -0.588665
 -0.655174
  0.169463
 -0.025893
 -0.291598
 -0.506558
 -0.588665
 -0.034638
 -0.282853
 -0.406960
 -0.158746
  0.447492
  0.211093
  0.860476
  0.860476
  0.447492
  0.211093
  0.834340
  0.398466
  0.616403
  0.775944
  0.775944
  0.703852
  0.281818
  0.515113
  0.703852
  0.616403
  0.507434
  0.289497
  0.180528
  0.289497
  0.507434
  0.398466
  0.398466
  0.616403
  0.507434
  0.289497
  0.180528
  0.289497
  0.507434
  0.775944
  0.703852
  0.281818
  0.515113
  0.703852
  0.834340
  0.398466
  0.616403
  0.775944
  0.545237
  0.327299
  0.813746
  0.741654
  0.552915
  0.319621
  0.872143
  0.813746
  0.654205
  0.436268
  0.813746
  0.741654
  0.552915
  0.319621
  0.545237
  0.327299
 -0.010722
  0.108589
 -0.274467
  0.108589
 -0.274467
 -0.010722
 -0.169862
 -0.416025
 -0.292943
 -0.046780
 -0.306932
 -0.032791
 -0.366002
 -0.103190
  0.129381
 -0.366002
 -0.103190
  0.129381
 -0.306932
 -0.032791
 -0.416025
 -0.292943
 -0.046780
 -0.169862
 -0.528943
 -0.650517
 -0.528943
 -0.748083
 -0.828515
 -0.748083
 -0.537510
 -0.828515
 -0.893666
 -0.828515
 -0.650517
 -0.748083
 -0.828515
 -0.748083
 -0.537510
 -0.528943
 -0.650517
 -0.528943
 -0.158746
 -0.035664
 -0.281827
 -0.404908
  0.179361
 -0.021675
 -0.295816
 -0.517601
 -0.602315
  0.139344
 -0.092074
 -0.354885
 -0.572764
 -0.695795
 -0.695795
  0.139344
 -0.092074
 -0.354885
 -0.572764
 -0.695795
 -0.695795
  0.179361
 -0.021675
 -0.295816
 -0.517601
 -0.602315
 -0.035664
 -0.281827
 -0.404908
 -0.158746
  0.446576
  0.212010
  0.693909
  0.267611
  0.895584
  0.942241
  0.329293
  0.563858
  0.762713
  0.895584
  0.895584
  0.693909
  0.267611
  0.446576
  0.212010
  0.457572
  0.677021
  0.832657
  0.823129
  0.755715
  0.338030
  0.574877
  0.755715
  0.643645
  0.521055
  0.275876
  0.153286
  0.275876
  0.521055
  0.398466
  0.398466
  0.643645
  0.521055
  0.275876
  0.153286
  0.275876
  0.521055
  0.823129
  0.755715
  0.338030
  0.574877
  0.755715
  0.457572
  0.677021
  0.832657
  0.558858
  0.860931
  0.793517
  0.612679
  0.375832
  0.926627
  0.870459
  0.714823
  0.495374
  0.262384
  0.860931
  0.793517
  0.612679
  0.375832
  0.558858
 -0.010722
  0.107673
 -0.272422
  0.107673
 -0.272422
 -0.010722
 -0.169862
 -0.446795
 -0.308328
 -0.031395
 -0.496648
 -0.240879
  0.033555
 -0.557836
 -0.308328
 -0.031395
  0.195497
 -0.557836
 -0.308328
 -0.031395
  0.195497
 -0.496648
 -0.240879
  0.033555
 -0.446795
 -0.308328
 -0.031395
 -0.169862
 -0.544140
 -0.680911
 -0.717635
 -0.861966
 -0.861966
 -0.717635
 -0.816868
 -0.938556
 -0.938556
 -0.816868
 -0.717635
 -0.861966
 -0.861966
 -0.717635
 -0.544140
 -0.680911
 -0.158746
 -0.020279
 -0.297212
 -0.435679
  0.233986
  0.043519
 -0.229763
 -0.485532
 -0.637548
 -0.637548
  0.205461
 -0.020279
 -0.297212
 -0.546720
 -0.719385
 -0.781009
  0.205461
 -0.020279
 -0.297212
 -0.546720
 -0.719385
 -0.781009
  0.233986
  0.043519
 -0.229763
 -0.485532
 -0.637548
 -0.637548
 -0.020279
 -0.297212
 -0.435679
 -0.158746
  0.445760
  0.212826
  0.697571
  0.511150
  0.266991
  0.919103
  0.868111
  1.000000
  0.391178
  0.954709
  1.000000
  0.391178
  0.954709
  0.919103
  0.868111
  0.697571
  0.511150
  0.266991
  0.445760
  0.212826
  0.929648
  0.280266
  0.516665
  0.729653
  0.877045
  0.824441
  0.756819
  0.119511
  0.337843
  0.575422
  0.756819
  0.634864
  0.516665
  0.280266
  0.162067
  0.280266
  0.516665
  0.398466
  0.398466
  0.634864
  0.516665
  0.280266
  0.162067
  0.280266
  0.516665
  0.824441
  0.756819
  0.119511
  0.337843
  0.575422
  0.756819
  0.929648
  0.280266
  0.516665
  0.729653
  0.877045
  0.554467
  0.794621
  0.613224
  0.375645
  0.967451
  0.914847
  0.767455
  0.554467
  0.318069
  0.967451
  0.914847
  0.767455
  0.554467
  0.318069
  0.794621
  0.613224
  0.375645
  0.554467
 -0.010722
  0.106857
 -0.140662
 -0.270602
 -0.140662
  0.106857
 -0.140662
 -0.270602
 -0.140662
 -0.010722
 -0.169862
 -0.441255
 -0.305558
 -0.034165
 -0.604147
 -0.420596
 -0.169862
  0.072487
 -0.497462
 -0.238349
  0.029225
  0.240707
 -0.597241
 -0.363939
 -0.104427
  0.131085
 -0.497462
 -0.238349
  0.029225
  0.240707
 -0.604147
 -0.420596
 -0.169862
  0.072487
 -0.441255
 -0.305558
 -0.034165
 -0.169862
 -0.539242
 -0.671114
 -0.863371
 -0.863371
 -0.718593
 -0.941311
 -1.000000
 -0.941311
 -0.776868
 -0.941311
 -1.000000
 -0.941311
 -0.776868
 -0.863371
 -0.863371
 -0.718593
 -0.539242
 -0.671114
 -0.158746
 -0.023049
 -0.294442
 -0.430138
  0.082451
 -0.158746
 -0.409480
 -0.593030
 -0.660214
  0.250671
  0.039189
 -0.227232
 -0.486346
 -0.688814
 -0.799628
 -0.799628
  0.141048
 -0.093310
 -0.352823
 -0.586124
 -0.761706
 -0.855854
  0.250671
  0.039189
 -0.227232
 -0.486346
 -0.688814
 -0.799628
 -0.799628
  0.082451
 -0.158746
 -0.409480
 -0.593030
 -0.660214
 -0.023049
 -0.294442
 -0.430138
 -0.158746
