1.8125401000e-03
-2.1199801000e-03
2.2184746000e-03
-4.2222016000e-03
-1.0572542300e-02
-9.9864976000e-03
-1.0321653900e-02
-1.5150833000e-03
-4.5371284000e-03
-1.4542776100e-02
-1.7276285900e-02
-1.3025676200e-02
-5.8442312000e-03
9.7179710000e-04
-3.2878056000e-03
-1.3843063600e-02
-6.0977894000e-03
-6.8513610000e-04
2.8072261000e-03
-6.1252278000e-03
4.3966586000e-03
-8.5990267000e-03
-7.6104889000e-03
-7.0254565000e-03
-1.0083334200e-02
2.1315748000e-03
6.6503083000e-03
7.0384491000e-03
1.0953824900e-02
9.1474466000e-03
8.8652170000e-03
9.3572748000e-03
6.0026189000e-03
8.2865210000e-03
9.1667108000e-03
8.4668506000e-03
6.3118078000e-03
8.1460916000e-03
9.1527165000e-03
8.4937761000e-03
7.6113261000e-03
7.0372191000e-03
6.4478763000e-03
9.5024274000e-03
1.0600927600e-02
1.2709339000e-02
7.7855355000e-03
1.1901586300e-02
9.4111576000e-03
1.8689784000e-03
2.0412848000e-03
4.3263510000e-03
4.5666240000e-03
-9.4634960000e-04
6.6354280000e-04
2.7868988000e-03
4.8525834000e-03
4.8878310000e-03
1.8307491000e-03
-2.4269075000e-03
1.4174824000e-03
7.5794240000e-03
1.3768498000e-03
5.5550968000e-03
3.7966982000e-03
1.1738471000e-03
5.9906107000e-03
3.1055743000e-03
2.4189250000e-04
5.4313062000e-03
2.9350684000e-03
-2.9903754000e-03
-4.8302483000e-03
-1.5109946000e-03
-5.4451343000e-03
3.1275817000e-03
-6.3955075000e-03
-6.5021412000e-03
-5.7922102000e-03
1.7330801000e-03
-1.9006320000e-03
-1.6498954000e-03
-4.8825806000e-03
2.9732200000e-04
5.7379626000e-03
1.1348587900e-02
-4.9545371000e-03
-2.3389576000e-03
1.7859866700e-02
-9.2413830000e-04
2.8747458000e-03
4.3554367000e-03
2.8873751000e-03
2.9965362000e-03
5.9912318000e-03
3.6001172000e-03
2.0934985000e-03
3.7298179000e-03
-2.2097622000e-03
1.0053130000e-03
-3.5528807000e-03
-6.9427726000e-03
-5.4454619000e-03
-4.9630959000e-03
-1.4969937000e-03
-7.0932580000e-03
-1.1465405000e-02
-1.0933031300e-02
-1.0087016900e-02
-5.4223924000e-03
-3.0333082000e-03
-1.0449600700e-02
-1.3065805700e-02
-9.3423287000e-03
-5.5643864000e-03
-9.1418820000e-04
-1.1324569000e-03
-8.6721563000e-03
-4.2173585000e-03
-1.5453518000e-03
1.5526130000e-03
-2.5472205000e-03
-4.8733797000e-03
-1.3448612000e-03
-1.7566030000e-03
-1.4426705000e-03
-4.2147737000e-03
-1.2448330000e-03
-4.1648387000e-03
-7.7615555000e-03
-8.4072021000e-03
-5.2540916000e-03
-6.2548013000e-03
7.8834739000e-03
6.3567207000e-03
5.9533001000e-03
5.7708851000e-03
1.0162121100e-02
8.0661783000e-03
7.3399206000e-03
6.7229248000e-03
5.7935751000e-03
3.9740318000e-03
6.9537119000e-03
6.9690116000e-03
5.9778976000e-03
4.9192990000e-03
6.5297703000e-03
5.4135697000e-03
3.9582786000e-03
5.6497695000e-03
6.9297326000e-03
7.4513828000e-03
7.3420651000e-03
7.8460913000e-03
3.1562796000e-03
6.4111756000e-03
8.2079539000e-03
9.3895904000e-03
4.5113081000e-03
7.7666110000e-03
1.0867064600e-02
8.8639230000e-04
9.3892790000e-04
2.4829356000e-03
3.1967436000e-03
1.2420225000e-03
-2.2613598000e-03
1.0665418000e-03
2.0706627000e-03
3.4598552000e-03
3.6942698000e-03
2.0290496000e-03
-1.7364133000e-03
3.5376100000e-04
2.2713933000e-03
4.0186387000e-03
-1.7650827000e-03
5.7515910000e-04
3.3714611000e-03
2.7210323000e-03
1.1755881000e-03
1.0581562000e-03
4.1688401000e-03
2.9270423000e-03
1.2622612000e-03
4.1795080000e-04
3.3182314000e-03
2.7082123000e-03
5.9327240000e-04
-2.4697732000e-03
2.4442688000e-03
-4.4879978000e-03
-2.8662285000e-03
-5.2202176000e-03
-1.9148252000e-03
-3.9860537000e-03
-7.7687503000e-03
-5.6220323000e-03
-3.3781196000e-03
1.5310500000e-03
-5.8850342000e-03
-5.8897326000e-03
3.6790961000e-03
1.2099960000e-04
-2.0076006000e-03
-9.7621440000e-04
7.4202681000e-03
3.0277876000e-03
-1.3179788000e-03
9.5714796000e-03
-4.3800020000e-03
-2.5360753000e-03
-1.2754325000e-03
1.6244766000e-03
1.8778061000e-03
4.2096600000e-04
5.6821230000e-04
3.8642761000e-03
3.3927706000e-03
2.1888025000e-03
1.0644988700e-02
8.1115140000e-04
1.7205909000e-03
6.8944440000e-04
2.2017723000e-03
6.3007706000e-03
3.2479741000e-03
-1.5304530000e-04
-2.8035103000e-03
-4.6843281000e-03
-3.2006607000e-03
-1.8618000000e-03
-2.2415462000e-03
-5.6984114000e-03
-7.9380452000e-03
-6.7309572000e-03
-6.5382636000e-03
-3.3899101000e-03
-1.6611826000e-03
-6.3249628000e-03
-9.4718858000e-03
-9.4741147000e-03
-8.2019056000e-03
-5.4921017000e-03
-8.5751370000e-04
-6.7313136000e-03
-9.3561269000e-03
-6.6133164000e-03
-4.5739403000e-03
-1.6259888000e-03
-2.3913360000e-04
-5.5722610000e-03
-2.9246025000e-03
-1.5531028000e-03
9.4000840000e-04
-1.8710183000e-03
-3.6587198000e-03
-1.7166557000e-03
-2.6674796000e-03
-2.3462700000e-03
-1.6793622000e-03
-1.7112792000e-03
-4.1229687000e-03
-5.4245474000e-03
-4.3294018000e-03
-6.1173810000e-03
-6.6663801000e-03
-4.1201236000e-03
-4.0728624000e-03
5.9057114000e-03
5.0086366000e-03
4.4680029000e-03
3.5597197000e-03
7.6697353000e-03
6.4253641000e-03
5.7794034000e-03
5.0046437000e-03
3.6412071000e-03
5.9015558000e-03
5.7340483000e-03
4.7027134000e-03
4.0203487000e-03
5.6341937000e-03
4.7733027000e-03
3.8401924000e-03
3.8566425000e-03
5.2689777000e-03
5.9634271000e-03
6.1031642000e-03
6.0734810000e-03
4.3289146000e-03
6.1743442000e-03
7.2163424000e-03
8.4953344000e-03
3.5503439000e-03
6.4204285000e-03
4.1440580000e-04
5.4367600000e-04
1.7045000000e-03
2.2653651000e-03
7.5093930000e-04
6.3607250000e-04
1.0951259000e-03
2.2116446000e-03
2.8271570000e-03
2.4042287000e-03
-2.1099347000e-03
-4.6109530000e-04
1.1530508000e-03
2.6712897000e-03
4.1925373000e-03
1.6519350000e-04
2.2833696000e-03
1.8616231000e-03
4.1697080000e-04
2.7837450000e-03
2.0313100000e-03
8.2010720000e-04
2.0598995000e-03
1.3793192000e-03
9.5597400000e-05
-2.0643229000e-03
6.9782890000e-04
-3.5508469000e-03
-2.4129589000e-03
-4.0030863000e-03
-2.9516476000e-03
-1.6833501000e-03
1.8747967000e-03
-4.2435730000e-03
2.9793148000e-03
-6.4480588000e-03
-5.0860808000e-03
-3.4750861000e-03
2.2522860000e-04
-4.7180360000e-03
-4.9552789000e-03
1.5723162000e-03
-9.0134640000e-04
-2.3403924000e-03
-1.5384945000e-03
2.1048244000e-03
7.3725270000e-04
5.1446386000e-03
-1.7868562000e-03
-3.1269061000e-03
-1.7671947000e-03
2.1912336000e-03
-8.2377810000e-04
1.3635230000e-03
5.4702824000e-03
2.6288680000e-04
-4.3919910000e-04
-2.6309420000e-04
1.8312396000e-03
1.3348127000e-03
5.1627168000e-03
-4.7179700000e-04
1.8579513000e-03
1.1085085000e-03
4.2222000000e-04
1.7963042000e-03
4.7437737000e-03
2.6038487000e-03
-8.7647870000e-04
-2.3190659000e-03
-3.3615632000e-03
-2.1205850000e-03
-8.0857840000e-04
-2.7142378000e-03
-4.7149541000e-03
-5.5021986000e-03
-4.0414988000e-03
-3.9455863000e-03
-3.9891520000e-04
-3.1302246000e-03
-5.8293191000e-03
-7.2022001000e-03
-6.4614626000e-03
-6.1645754000e-03
-4.3166731000e-03
-9.7433420000e-04
-4.7277586000e-03
-7.2299421000e-03
-7.6322595000e-03
-6.3723080000e-03
-4.8755179000e-03
-3.6176053000e-03
-8.6211390000e-04
-4.8367909000e-03
-6.7268811000e-03
-4.7557124000e-03
-3.6393647000e-03
-1.7879651000e-03
1.0795600000e-04
-3.7203626000e-03
-2.0723406000e-03
-1.4033815000e-03
-2.7473915000e-03
-1.4093612000e-03
-2.6844539000e-03
-2.2511536000e-03
-1.5721515000e-03
-5.1383980000e-04
-3.0287073000e-03
-2.2967680000e-03
-2.5535810000e-03
-3.9853946000e-03
-4.9439689000e-03
-3.9996973000e-03
-4.6145199000e-03
-5.0090085000e-03
-2.9827117000e-03
3.2888902000e-03
6.3692556000e-03
5.1346465000e-03
4.4827781000e-03
3.8152470000e-03
2.6221465000e-03
6.2856218000e-03
5.4418807000e-03
4.8100003000e-03
3.9772814000e-03
2.5840201000e-03
4.8153905000e-03
4.6821808000e-03
3.7412376000e-03
3.3719969000e-03
3.5127871000e-03
2.4793769000e-03
4.3256367000e-03
4.6076632000e-03
4.5875025000e-03
4.2897545000e-03
3.7222084000e-03
4.8757333000e-03
5.4812113000e-03
5.8066066000e-03
6.3678952000e-03
3.4898092000e-03
5.1343398000e-03
6.2060093000e-03
7.4886243000e-03
5.3486506000e-03
1.7193850000e-04
2.4492340000e-04
1.1697572000e-03
1.5253863000e-03
4.3300510000e-04
7.4344930000e-04
1.0385915000e-03
1.7725976000e-03
2.1408474000e-03
1.6722471000e-03
-9.1536830000e-04
6.9098100000e-05
1.1400669000e-03
2.0363170000e-03
2.6421140000e-03
-2.0404323000e-03
-4.7397430000e-04
1.2507484000e-03
-5.7364000000e-05
1.3976047000e-03
1.2248968000e-03
1.2203400000e-05
1.9208763000e-03
1.5816702000e-03
8.9069890000e-04
1.2215049000e-03
1.2834631000e-03
6.9404710000e-04
-4.7288320000e-04
7.0952180000e-04
-5.7257000000e-04
-1.3835082000e-03
-1.3376581000e-03
-2.6971040000e-03
-1.8121368000e-03
-3.0106411000e-03
-2.8387118000e-03
1.6628990000e-03
-4.7148660000e-04
-2.6714103000e-03
3.5174253000e-03
-4.3930369000e-03
-3.1959815000e-03
-1.5560216000e-03
8.9824650000e-04
-4.4010076000e-03
-3.5288126000e-03
-1.4629558000e-03
-3.6998614000e-03
-1.1497221000e-03
-2.1423821000e-03
-1.7045550000e-03
3.8911828000e-03
2.8953593000e-03
1.5961533000e-03
4.1196660000e-04
-3.3785840000e-04
3.6795548000e-03
3.3413963000e-03
2.5235862000e-03
2.6204675000e-03
-2.2281038000e-03
8.4915550000e-04
-2.1434864000e-03
-1.0476167000e-03
1.8084019000e-03
1.3173306000e-03
4.2686129000e-03
-7.9135480000e-04
-6.3273960000e-04
7.2979900000e-04
1.0009100000e-05
3.8740227000e-03
2.9024983000e-03
2.2893158000e-03
1.1591699000e-03
6.1836041000e-03
-1.3914949000e-03
8.0108559000e-03
-1.1731141000e-03
-6.7809420000e-04
-5.2450190000e-04
6.1985926000e-03
1.1697686000e-03
8.7311980000e-04
4.2002660000e-04
1.6235043000e-03
3.7895664000e-03
2.2001769000e-03
