 0.001813
-0.002120
 0.002218
-0.004222
-0.010573
-0.009986
-0.010322
-0.001515
-0.004537
-0.014543
-0.017276
-0.013026
-0.005844
 0.000972
-0.003288
-0.013843
-0.006098
-0.000685
 0.002807
-0.006125
 0.004397
-0.008599
-0.007610
-0.007025
-0.010083
 0.002132
 0.006650
 0.007038
 0.010954
 0.009147
 0.008865
 0.009357
 0.006003
 0.008287
 0.009167
 0.008467
 0.006312
 0.008146
 0.009153
 0.008494
 0.007611
 0.007037
 0.006448
 0.009502
 0.010601
 0.012709
 0.007786
 0.011902
 0.009411
 0.001869
 0.002041
 0.004326
 0.004567
-0.000946
 0.000664
 0.002787
 0.004853
 0.004888
 0.001831
-0.002427
 0.001417
 0.007579
 0.001377
 0.005555
 0.003797
 0.001174
 0.005991
 0.003106
 0.000242
 0.005431
 0.002935
-0.002990
-0.004830
-0.001511
-0.005445
 0.003128
-0.006396
-0.006502
-0.005792
 0.001733
-0.001901
-0.001650
-0.004883
 0.000297
 0.005738
 0.011349
-0.004955
-0.002339
 0.017860
-0.000924
 0.002875
 0.004355
 0.002887
 0.002997
 0.005991
 0.003600
 0.002093
 0.003730
-0.002210
 0.001005
-0.003553
-0.006943
-0.005445
-0.004963
-0.001497
-0.007093
-0.011465
-0.010933
-0.010087
-0.005422
-0.003033
-0.010450
-0.013066
-0.009342
-0.005564
-0.000914
-0.001132
-0.008672
-0.004217
-0.001545
 0.001553
-0.002547
-0.004873
-0.001345
-0.001757
-0.001443
-0.004215
-0.001245
-0.004165
-0.007762
-0.008407
-0.005254
-0.006255
 0.007883
 0.006357
 0.005953
 0.005771
 0.010162
 0.008066
 0.007340
 0.006723
 0.005794
 0.003974
 0.006954
 0.006969
 0.005978
 0.004919
 0.006530
 0.005414
 0.003958
 0.005650
 0.006930
 0.007451
 0.007342
 0.007846
 0.003156
 0.006411
 0.008208
 0.009390
 0.004511
 0.007767
 0.010867
 0.000886
 0.000939
 0.002483
 0.003197
 0.001242
-0.002261
 0.001067
 0.002071
 0.003460
 0.003694
 0.002029
-0.001736
 0.000354
 0.002271
 0.004019
-0.001765
 0.000575
 0.003371
 0.002721
 0.001176
 0.001058
 0.004169
 0.002927
 0.001262
 0.000418
 0.003318
 0.002708
 0.000593
-0.002470
 0.002444
-0.004488
-0.002866
-0.005220
-0.001915
-0.003986
-0.007769
-0.005622
-0.003378
 0.001531
-0.005885
-0.005890
 0.003679
 0.000121
-0.002008
-0.000976
 0.007420
 0.003028
-0.001318
 0.009571
-0.004380
-0.002536
-0.001275
 0.001624
 0.001878
 0.000421
 0.000568
 0.003864
 0.003393
 0.002189
 0.010645
 0.000811
 0.001721
 0.000689
 0.002202
 0.006301
 0.003248
-0.000153
-0.002804
-0.004684
-0.003201
-0.001862
-0.002242
-0.005698
-0.007938
-0.006731
-0.006538
-0.003390
-0.001661
-0.006325
-0.009472
-0.009474
-0.008202
-0.005492
-0.000858
-0.006731
-0.009356
-0.006613
-0.004574
-0.001626
-0.000239
-0.005572
-0.002925
-0.001553
 0.000940
-0.001871
-0.003659
-0.001717
-0.002667
-0.002346
-0.001679
-0.001711
-0.004123
-0.005425
-0.004329
-0.006117
-0.006666
-0.004120
-0.004073
 0.005906
 0.005009
 0.004468
 0.003560
 0.007670
 0.006425
 0.005779
 0.005005
 0.003641
 0.005902
 0.005734
 0.004703
 0.004020
 0.005634
 0.004773
 0.003840
 0.003857
 0.005269
 0.005963
 0.006103
 0.006073
 0.004329
 0.006174
 0.007216
 0.008495
 0.003550
 0.006420
 0.000414
 0.000544
 0.001705
 0.002265
 0.000751
 0.000636
 0.001095
 0.002212
 0.002827
 0.002404
-0.002110
-0.000461
 0.001153
 0.002671
 0.004193
 0.000165
 0.002283
 0.001862
 0.000417
 0.002784
 0.002031
 0.000820
 0.002060
 0.001379
 0.000096
-0.002064
 0.000698
-0.003551
-0.002413
-0.004003
-0.002952
-0.001683
 0.001875
-0.004244
 0.002979
-0.006448
-0.005086
-0.003475
 0.000225
-0.004718
-0.004955
 0.001572
-0.000901
-0.002340
-0.001538
 0.002105
 0.000737
 0.005145
-0.001787
-0.003127
-0.001767
 0.002191
-0.000824
 0.001364
 0.005470
 0.000263
-0.000439
-0.000263
 0.001831
 0.001335
 0.005163
-0.000472
 0.001858
 0.001109
 0.000422
 0.001796
 0.004744
 0.002604
-0.000876
-0.002319
-0.003362
-0.002121
-0.000809
-0.002714
-0.004715
-0.005502
-0.004041
-0.003946
-0.000399
-0.003130
-0.005829
-0.007202
-0.006461
-0.006165
-0.004317
-0.000974
-0.004728
-0.007230
-0.007632
-0.006372
-0.004876
-0.003618
-0.000862
-0.004837
-0.006727
-0.004756
-0.003639
-0.001788
 0.000108
-0.003720
-0.002072
-0.001403
-0.002747
-0.001409
-0.002684
-0.002251
-0.001572
-0.000514
-0.003029
-0.002297
-0.002554
-0.003985
-0.004944
-0.004000
-0.004615
-0.005009
-0.002983
 0.003289
 0.006369
 0.005135
 0.004483
 0.003815
 0.002622
 0.006286
 0.005442
 0.004810
 0.003977
 0.002584
 0.004815
 0.004682
 0.003741
 0.003372
 0.003513
 0.002479
 0.004326
 0.004608
 0.004588
 0.004290
 0.003722
 0.004876
 0.005481
 0.005807
 0.006368
 0.003490
 0.005134
 0.006206
 0.007489
 0.005349
 0.000172
 0.000245
 0.001170
 0.001525
 0.000433
 0.000743
 0.001039
 0.001773
 0.002141
 0.001672
-0.000915
 0.000069
 0.001140
 0.002036
 0.002642
-0.002040
-0.000474
 0.001251
-0.000057
 0.001398
 0.001225
 0.000012
 0.001921
 0.001582
 0.000891
 0.001222
 0.001283
 0.000694
-0.000473
 0.000710
-0.000573
-0.001384
-0.001338
-0.002697
-0.001812
-0.003011
-0.002839
 0.001663
-0.000471
-0.002671
 0.003517
-0.004393
-0.003196
-0.001556
 0.000898
-0.004401
-0.003529
-0.001463
-0.003700
-0.001150
-0.002142
-0.001705
 0.003891
 0.002895
 0.001596
 0.000412
-0.000338
 0.003680
 0.003341
 0.002524
 0.002620
-0.002228
 0.000849
-0.002143
-0.001048
 0.001808
 0.001317
 0.004269
-0.000791
-0.000633
 0.000730
 0.000010
 0.003874
 0.002902
 0.002289
 0.001159
 0.006184
-0.001391
 0.008011
-0.001173
-0.000678
-0.000525
 0.006199
 0.001170
 0.000873
 0.000420
 0.001624
 0.003790
 0.002200
