8.3542606300e-02
1.6863364130e-01
5.4479569900e-02
7.6980764200e-02
5.8747831800e-02
3.7667523600e-02
5.2418213400e-02
5.1348687600e-02
4.0277371500e-02
2.3015165100e-02
5.6693503200e-02
4.0587476800e-02
2.3097806100e-02
5.5035528900e-02
2.0349087600e-02
-6.7933170000e-04
5.4111330400e-02
1.9717256100e-02
-1.2554710000e-03
4.7902067700e-02
3.1960017900e-02
1.2464486800e-02
6.4311295700e-02
4.6158059400e-02
3.2328215900e-02
5.3289337600e-02
4.7778086900e-02
2.5806587100e-02
6.8274526400e-02
6.9341566000e-02
5.4258352000e-02
8.2800802000e-02
1.6797387430e-01
-1.4752011100e-02
9.4064705000e-03
-9.0914012000e-03
-1.8529889100e-02
-2.7675926800e-02
1.3069399000e-03
-1.2448055100e-02
-2.0664999800e-02
-2.9436231100e-02
-1.2244628500e-02
-2.3067269700e-02
-3.7730959100e-02
-3.2879936400e-02
1.6939876300e-02
-1.5371100200e-02
-3.1930180000e-04
2.0732047000e-02
-1.6657410000e-02
-2.7743845000e-03
1.5608322400e-02
6.8825797000e-02
-1.8698787800e-02
2.1456340000e-03
-1.1143761100e-02
-3.3575462200e-02
-1.8098307100e-02
-2.9727729600e-02
1.3862366100e-02
-6.9667371000e-03
-1.7146089200e-02
-2.5078427700e-02
-1.9994071000e-03
-1.4596898500e-02
-2.3228659000e-02
-6.2726651000e-03
-1.1676876800e-02
1.8155123400e-02
-3.1366747800e-02
-8.2322887000e-03
3.2540247000e-02
-2.5151501200e-02
-9.0535578000e-03
5.7581708000e-03
3.8881337400e-02
-2.4425278900e-02
-7.5559510000e-03
9.0870436000e-03
-5.1152020000e-04
-9.4218359000e-03
-1.7316084500e-02
2.7484637000e-03
-2.3001223600e-02
1.5391362200e-02
-1.3078717800e-02
-4.2983101400e-02
-1.5183549000e-03
-3.3172939000e-03
-5.4865402600e-02
-1.1192350600e-02
2.4026372300e-02
-1.1496354700e-02
-3.9067497600e-02
3.1676061000e-02
6.9814622000e-03
4.1074680000e-04
-3.5676921700e-02
-5.5861542900e-02
-2.7787647000e-03
-3.6457983000e-03
-1.3487827600e-02
-4.4142732600e-02
-2.1201720200e-02
-9.7688122000e-03
-1.8515601400e-02
-3.7134883200e-02
3.0686555400e-02
5.3836666000e-03
-1.1430292000e-03
-4.0195631300e-02
1.0147888780e-01
-2.0043073600e-02
3.3587715200e-02
-1.2632530800e-02
2.2677830900e-02
1.6699826100e-02
6.3925445700e-02
3.4163679500e-02
6.1889880600e-02
4.6845733800e-02
2.8031553900e-02
3.9187795300e-02
4.3327023000e-02
3.6720426400e-02
2.4825074300e-02
4.1888113700e-02
3.6882756000e-02
2.6775155100e-02
1.2287989500e-02
4.4772473600e-02
3.1137193700e-02
1.6640901100e-02
3.4763839000e-02
9.3417956000e-03
-2.5402350100e-02
3.3989959600e-02
8.7756554000e-03
-2.5954419200e-02
3.7318134300e-02
2.3872983400e-02
7.9788830000e-03
5.0898930500e-02
3.6510863700e-02
2.6530230400e-02
1.2238858700e-02
4.1502290700e-02
3.6420003800e-02
2.4677957500e-02
3.8770606200e-02
4.2921784400e-02
3.7137134400e-02
1.7641472900e-02
5.4414703400e-02
5.5967341100e-02
3.4037762200e-02
1.6345235400e-02
6.3499547600e-02
-4.5799721000e-03
-1.3225842500e-02
-1.9766840900e-02
8.1626809000e-03
-5.1301760000e-03
-1.2550164600e-02
-1.8006735600e-02
-2.4052805500e-02
-2.8773300000e-05
-1.0309585300e-02
-1.6902354200e-02
-2.3003685300e-02
-1.2166912900e-02
-1.9087808600e-02
-2.7862080100e-02
-1.4842113200e-02
-2.5160963000e-03
1.2589342000e-02
-2.2059916800e-02
-1.0611093500e-02
-7.0488350000e-04
1.1695242800e-02
3.2403198600e-02
-1.7440414300e-02
-6.2582674000e-03
5.6599874000e-03
2.5951006500e-02
-1.9877497400e-02
-5.3107963000e-03
1.1262683000e-02
-1.2472743000e-02
-1.9474567200e-02
-2.8450426400e-02
-1.6335800000e-04
-1.0538060900e-02
-1.7229851100e-02
-2.3434566500e-02
8.1316879000e-03
-5.2872184000e-03
-1.2816290800e-02
-1.8388353300e-02
-2.4523894400e-02
-4.7494269000e-03
-1.3572989500e-02
-2.0373206000e-02
1.1117148200e-02
-2.0116055000e-02
-5.1763771000e-03
2.5967695600e-02
-1.7380719800e-02
-5.8624357000e-03
6.0433200000e-03
3.2356704700e-02
-2.2313537400e-02
-1.0370723100e-02
-2.8091370000e-04
1.2029253800e-02
-1.5186473500e-02
-2.4402442000e-03
1.2659927600e-02
-1.0219672300e-02
-1.7691619200e-02
4.1784169000e-03
-1.0918556200e-02
-1.6665950600e-02
-2.1969038100e-02
8.4798970000e-03
-1.5348740800e-02
-3.7072049200e-02
-8.7193689900e-02
-2.2927153900e-02
-4.8434715300e-02
-1.2370041500e-02
1.8111263200e-02
-6.1305969000e-03
1.5489111000e-02
-2.0626027600e-02
-3.4093519400e-02
9.8633420000e-03
-1.7176746700e-02
-8.5945946800e-02
-3.6114114200e-02
-4.9214896600e-02
-8.8130014200e-02
-2.3252818600e-02
-1.5720283600e-02
-3.7958130400e-02
-2.2634748600e-02
-5.0315756000e-03
-1.5321408700e-02
-1.0413082400e-02
-1.8459985200e-02
-3.7182561700e-02
9.0717339000e-03
-1.8321756100e-02
-8.7060667600e-02
-3.4964879600e-02
5.1654042400e-02
-2.1201604300e-02
-1.3599011100e-02
2.2887983000e-03
3.3510537500e-02
-1.3308391600e-02
1.7143358700e-02
-1.1251732700e-02
2.9434912200e-02
2.0103448200e-02
4.3262028500e-02
3.5281108100e-02
2.0465201000e-02
3.3022854300e-02
3.5601694500e-02
2.9278180400e-02
1.8454709000e-02
3.0062941900e-02
3.3300858400e-02
2.9546019700e-02
2.1787678900e-02
1.0368611800e-02
3.3549897600e-02
2.9543575100e-02
2.1290226600e-02
9.8865770000e-03
3.3410268500e-02
2.3418721100e-02
1.1401736400e-02
2.0706442800e-02
1.8409937000e-03
-3.5249242500e-02
2.0063368100e-02
1.3482107000e-03
-3.5742294900e-02
2.8200025700e-02
1.7408425900e-02
4.0745157000e-03
3.6305468400e-02
2.9214090900e-02
2.1053944800e-02
9.8126369000e-03
3.3249687100e-02
2.9279167900e-02
2.1618973000e-02
1.0343817300e-02
2.9876341400e-02
3.2998663400e-02
2.9056175600e-02
1.8369115700e-02
3.2628972400e-02
3.5278879400e-02
2.7990771200e-02
1.1760167400e-02
3.7161524700e-02
4.0913363900e-02
2.0045666700e-02
-1.1396166100e-02
2.9167040800e-02
-1.9584972000e-03
-9.7911089000e-03
-1.5093199700e-02
9.2588087000e-03
-2.7228362000e-03
-9.4910972000e-03
-1.4190614400e-02
-1.8514170200e-02
1.5732399000e-03
-7.5731642000e-03
-1.3371900000e-02
-1.8153869700e-02
-9.9108190000e-03
-1.6397637900e-02
-2.4251178200e-02
-4.6377315000e-03
6.5597275000e-03
2.3637013500e-02
-1.1210453900e-02
-2.9481240000e-03
6.3443932000e-03
1.9666239400e-02
-1.7656857100e-02
-7.9765191000e-03
1.1443853000e-03
1.3370323600e-02
-1.8255339800e-02
-4.9033626000e-03
8.9148302000e-03
-1.0172763800e-02
-1.6735546700e-02
-2.4752147900e-02
-3.7752082000e-03
-1.0946704800e-02
-1.6087299600e-02
-2.1079788300e-02
2.2195614000e-03
-6.6723204000e-03
-1.2243917200e-02
-1.6642002300e-02
4.1562742000e-03
-6.5843440000e-03
-1.2936788900e-02
8.7215766000e-03
-1.8524384100e-02
-4.8682703000e-03
2.2459747700e-02
-1.2435932900e-02
-3.2854315000e-03
6.8107833000e-03
2.9266677500e-02
-1.5925486300e-02
-6.8682942000e-03
1.6921425000e-03
1.2441792300e-02
-9.8395600000e-03
6.0823300000e-04
1.3893725900e-02
-1.1530357700e-02
-1.9062235000e-02
-8.5076149000e-03
-1.3027718300e-02
-1.5676311000e-02
3.6618083000e-03
-1.5838075900e-02
-2.4308906600e-02
-3.1671968000e-02
-7.5952338600e-02
-2.6887235500e-02
-4.0290380600e-02
-1.4655808700e-02
1.1459094300e-02
-3.3466865000e-03
1.5216482300e-02
-1.4769547900e-02
-2.9448627600e-02
-1.2342662200e-02
-7.1271000000e-06
-2.3396412600e-02
-7.5200698200e-02
-3.2310806900e-02
-4.0908197800e-02
-7.6662936700e-02
-2.7188306200e-02
-1.6167563500e-02
-2.4799117600e-02
-3.2365786700e-02
-1.6245147000e-02
-3.7098020000e-03
-1.2064048200e-02
-1.1614425900e-02
-1.9541454800e-02
-3.3119026900e-02
-6.4729310000e-04
-2.4244723700e-02
-7.6025199300e-02
-3.0137253400e-02
-1.2770294000e-02
2.7484439200e-02
-1.5314980500e-02
-9.8711178000e-03
3.9199091000e-03
-1.5259791600e-02
1.0774923600e-02
-2.0595963300e-02
1.3466658600e-02
1.0760409500e-02
1.5906362600e-02
2.8966919500e-02
2.5492125600e-02
1.4436939800e-02
2.3861870300e-02
2.9286899400e-02
2.6413342400e-02
1.9231505400e-02
8.7246988000e-03
2.7331479200e-02
2.6154229900e-02
2.1074974900e-02
1.3073528000e-02
2.6249152900e-02
2.5909561600e-02
2.1559438900e-02
1.4553407600e-02
2.5814604400e-02
2.5614177700e-02
2.0724759700e-02
1.3374867000e-02
3.9698414000e-03
2.3893953400e-02
1.7098961800e-02
7.2416878000e-03
-5.7824501000e-03
1.1338938900e-02
-2.8364345000e-03
-3.4771796200e-02
1.0804785000e-02
-3.2591240000e-03
-3.5198186400e-02
2.0586937400e-02
1.2223979100e-02
1.0026002000e-03
2.3251558200e-02
1.7088634300e-02
8.8012964000e-03
2.6319805900e-02
2.3875699900e-02
1.8192687700e-02
1.0050665500e-02
2.3953593400e-02
2.6491459400e-02
2.3800676800e-02
1.7326332100e-02
7.8520330000e-03
2.5498867400e-02
2.7114161300e-02
2.3056646600e-02
1.4396559600e-02
2.7532236000e-02
2.8340026100e-02
2.0371283400e-02
2.4065939500e-02
2.8587926500e-02
1.0749514400e-02
-2.0625269900e-02
1.3305441600e-02
-7.8202423000e-03
1.6675790000e-04
-6.3931331000e-03
-1.0711149100e-02
-1.4098565100e-02
6.9989070000e-03
-2.3475660000e-03
-7.9903606000e-03
-1.1946030200e-02
-1.5274766800e-02
-6.7908100000e-05
-7.2543598000e-03
-1.2147457500e-02
-1.6231069500e-02
-1.4997496300e-02
7.5839570000e-03
-1.0799462600e-02
-3.7049960000e-03
3.9253740000e-03
1.3978235600e-02
-1.1928910500e-02
-5.0700293000e-03
1.9196868000e-03
1.0730073100e-02
2.3707843400e-02
-1.5704620900e-02
-7.3944024000e-03
4.2595540000e-04
1.0200990700e-02
-5.2435480000e-03
-1.5309975400e-02
-4.2184639000e-03
-1.0099405800e-02
-1.4495348500e-02
-1.8656656900e-02
6.9728417000e-03
-2.4623841000e-03
-8.1758491000e-03
-1.2193204800e-02
-1.5555590000e-02
8.6981000000e-05
-6.5656085000e-03
-1.0968898100e-02
-1.4433384900e-02
-4.8596762000e-03
-5.3162971000e-03
1.6613328200e-02
-1.1334641000e-02
-3.4347188000e-03
5.0077235000e-03
2.3611146300e-02
-1.1951368600e-02
-4.9090778000e-03
2.1289136000e-03
1.0854821600e-02
-1.0927655500e-02
-3.6357189000e-03
4.0481350000e-03
1.4014982000e-02
1.8504593000e-03
-1.2495349400e-02
-1.9832187300e-02
-7.3822944000e-03
-1.0950696000e-02
-3.0508853000e-03
-9.2660067000e-03
-1.1589410400e-02
3.4155880000e-04
-2.0446615200e-02
-4.2820681700e-02
-1.5185053100e-02
-2.0939087600e-02
-2.6770664300e-02
-5.6167658900e-02
-2.4926816200e-02
-3.2662414800e-02
-1.6314245000e-02
5.5393061000e-03
-2.2149797000e-03
1.3270673300e-02
-5.6657253000e-03
4.1328630000e-03
1.8591831300e-02
-1.1899382900e-02
1.0637911600e-02
1.6381074300e-02
-2.5131796500e-02
-1.2152831400e-02
-4.7261627000e-03
-2.2689838000e-02
-5.5703068300e-02
-2.7412214600e-02
-3.3157825500e-02
-5.6718376000e-02
-2.5196245300e-02
-1.5473732300e-02
-2.1349781600e-02
-2.7324672600e-02
6.2138342000e-03
-5.4200173000e-03
-1.4420938000e-02
1.7339490000e-03
-6.9017220000e-03
-1.1262877700e-02
-3.5184578000e-03
-1.0217206600e-02
-1.2506011600e-02
-2.0119498200e-02
-2.8039572500e-02
-5.2492580000e-03
-2.3336435000e-02
-5.6329620600e-02
-2.5685728400e-02
-1.2550040400e-02
1.5016855400e-02
-5.2059941000e-02
-1.7663455600e-02
-9.6306763000e-03
-1.5338528000e-03
1.0470371800e-02
-7.8899256000e-03
3.9888850000e-03
-1.6695431500e-02
5.0614025000e-03
