 0.083543
 0.168634
 0.054480
 0.076981
 0.058748
 0.037668
 0.052418
 0.051349
 0.040277
 0.023015
 0.056694
 0.040587
 0.023098
 0.055036
 0.020349
-0.000679
 0.054111
 0.019717
-0.001255
 0.047902
 0.031960
 0.012464
 0.064311
 0.046158
 0.032328
 0.053289
 0.047778
 0.025807
 0.068275
 0.069342
 0.054258
 0.082801
 0.167974
-0.014752
 0.009406
-0.009091
-0.018530
-0.027676
 0.001307
-0.012448
-0.020665
-0.029436
-0.012245
-0.023067
-0.037731
-0.032880
 0.016940
-0.015371
-0.000319
 0.020732
-0.016657
-0.002774
 0.015608
 0.068826
-0.018699
 0.002146
-0.011144
-0.033575
-0.018098
-0.029728
 0.013862
-0.006967
-0.017146
-0.025078
-0.001999
-0.014597
-0.023229
-0.006273
-0.011677
 0.018155
-0.031367
-0.008232
 0.032540
-0.025152
-0.009054
 0.005758
 0.038881
-0.024425
-0.007556
 0.009087
-0.000512
-0.009422
-0.017316
 0.002748
-0.023001
 0.015391
-0.013079
-0.042983
-0.001518
-0.003317
-0.054865
-0.011192
 0.024026
-0.011496
-0.039067
 0.031676
 0.006981
 0.000411
-0.035677
-0.055862
-0.002779
-0.003646
-0.013488
-0.044143
-0.021202
-0.009769
-0.018516
-0.037135
 0.030687
 0.005384
-0.001143
-0.040196
 0.101479
-0.020043
 0.033588
-0.012633
 0.022678
 0.016700
 0.063925
 0.034164
 0.061890
 0.046846
 0.028032
 0.039188
 0.043327
 0.036720
 0.024825
 0.041888
 0.036883
 0.026775
 0.012288
 0.044772
 0.031137
 0.016641
 0.034764
 0.009342
-0.025402
 0.033990
 0.008776
-0.025954
 0.037318
 0.023873
 0.007979
 0.050899
 0.036511
 0.026530
 0.012239
 0.041502
 0.036420
 0.024678
 0.038771
 0.042922
 0.037137
 0.017641
 0.054415
 0.055967
 0.034038
 0.016345
 0.063500
-0.004580
-0.013226
-0.019767
 0.008163
-0.005130
-0.012550
-0.018007
-0.024053
-0.000029
-0.010310
-0.016902
-0.023004
-0.012167
-0.019088
-0.027862
-0.014842
-0.002516
 0.012589
-0.022060
-0.010611
-0.000705
 0.011695
 0.032403
-0.017440
-0.006258
 0.005660
 0.025951
-0.019877
-0.005311
 0.011263
-0.012473
-0.019475
-0.028450
-0.000163
-0.010538
-0.017230
-0.023435
 0.008132
-0.005287
-0.012816
-0.018388
-0.024524
-0.004749
-0.013573
-0.020373
 0.011117
-0.020116
-0.005176
 0.025968
-0.017381
-0.005862
 0.006043
 0.032357
-0.022314
-0.010371
-0.000281
 0.012029
-0.015186
-0.002440
 0.012660
-0.010220
-0.017692
 0.004178
-0.010919
-0.016666
-0.021969
 0.008480
-0.015349
-0.037072
-0.087194
-0.022927
-0.048435
-0.012370
 0.018111
-0.006131
 0.015489
-0.020626
-0.034094
 0.009863
-0.017177
-0.085946
-0.036114
-0.049215
-0.088130
-0.023253
-0.015720
-0.037958
-0.022635
-0.005032
-0.015321
-0.010413
-0.018460
-0.037183
 0.009072
-0.018322
-0.087061
-0.034965
 0.051654
-0.021202
-0.013599
 0.002289
 0.033511
-0.013308
 0.017143
-0.011252
 0.029435
 0.020103
 0.043262
 0.035281
 0.020465
 0.033023
 0.035602
 0.029278
 0.018455
 0.030063
 0.033301
 0.029546
 0.021788
 0.010369
 0.033550
 0.029544
 0.021290
 0.009887
 0.033410
 0.023419
 0.011402
 0.020706
 0.001841
-0.035249
 0.020063
 0.001348
-0.035742
 0.028200
 0.017408
 0.004075
 0.036305
 0.029214
 0.021054
 0.009813
 0.033250
 0.029279
 0.021619
 0.010344
 0.029876
 0.032999
 0.029056
 0.018369
 0.032629
 0.035279
 0.027991
 0.011760
 0.037162
 0.040913
 0.020046
-0.011396
 0.029167
-0.001958
-0.009791
-0.015093
 0.009259
-0.002723
-0.009491
-0.014191
-0.018514
 0.001573
-0.007573
-0.013372
-0.018154
-0.009911
-0.016398
-0.024251
-0.004638
 0.006560
 0.023637
-0.011210
-0.002948
 0.006344
 0.019666
-0.017657
-0.007977
 0.001144
 0.013370
-0.018255
-0.004903
 0.008915
-0.010173
-0.016736
-0.024752
-0.003775
-0.010947
-0.016087
-0.021080
 0.002220
-0.006672
-0.012244
-0.016642
 0.004156
-0.006584
-0.012937
 0.008722
-0.018524
-0.004868
 0.022460
-0.012436
-0.003285
 0.006811
 0.029267
-0.015925
-0.006868
 0.001692
 0.012442
-0.009840
 0.000608
 0.013894
-0.011530
-0.019062
-0.008508
-0.013028
-0.015676
 0.003662
-0.015838
-0.024309
-0.031672
-0.075952
-0.026887
-0.040290
-0.014656
 0.011459
-0.003347
 0.015216
-0.014770
-0.029449
-0.012343
-0.000007
-0.023396
-0.075201
-0.032311
-0.040908
-0.076663
-0.027188
-0.016168
-0.024799
-0.032366
-0.016245
-0.003710
-0.012064
-0.011614
-0.019541
-0.033119
-0.000647
-0.024245
-0.076025
-0.030137
-0.012770
 0.027484
-0.015315
-0.009871
 0.003920
-0.015260
 0.010775
-0.020596
 0.013467
 0.010760
 0.015906
 0.028967
 0.025492
 0.014437
 0.023862
 0.029287
 0.026413
 0.019232
 0.008725
 0.027331
 0.026154
 0.021075
 0.013074
 0.026249
 0.025910
 0.021559
 0.014553
 0.025815
 0.025614
 0.020725
 0.013375
 0.003970
 0.023894
 0.017099
 0.007242
-0.005782
 0.011339
-0.002836
-0.034772
 0.010805
-0.003259
-0.035198
 0.020587
 0.012224
 0.001003
 0.023252
 0.017089
 0.008801
 0.026320
 0.023876
 0.018193
 0.010051
 0.023954
 0.026491
 0.023801
 0.017326
 0.007852
 0.025499
 0.027114
 0.023057
 0.014397
 0.027532
 0.028340
 0.020371
 0.024066
 0.028588
 0.010750
-0.020625
 0.013305
-0.007820
 0.000167
-0.006393
-0.010711
-0.014099
 0.006999
-0.002348
-0.007990
-0.011946
-0.015275
-0.000068
-0.007254
-0.012147
-0.016231
-0.014997
 0.007584
-0.010799
-0.003705
 0.003925
 0.013978
-0.011929
-0.005070
 0.001920
 0.010730
 0.023708
-0.015705
-0.007394
 0.000426
 0.010201
-0.005244
-0.015310
-0.004218
-0.010099
-0.014495
-0.018657
 0.006973
-0.002462
-0.008176
-0.012193
-0.015556
 0.000087
-0.006566
-0.010969
-0.014433
-0.004860
-0.005316
 0.016613
-0.011335
-0.003435
 0.005008
 0.023611
-0.011951
-0.004909
 0.002129
 0.010855
-0.010928
-0.003636
 0.004048
 0.014015
 0.001850
-0.012495
-0.019832
-0.007382
-0.010951
-0.003051
-0.009266
-0.011589
 0.000342
-0.020447
-0.042821
-0.015185
-0.020939
-0.026771
-0.056168
-0.024927
-0.032662
-0.016314
 0.005539
-0.002215
 0.013271
-0.005666
 0.004133
 0.018592
-0.011899
 0.010638
 0.016381
-0.025132
-0.012153
-0.004726
-0.022690
-0.055703
-0.027412
-0.033158
-0.056718
-0.025196
-0.015474
-0.021350
-0.027325
 0.006214
-0.005420
-0.014421
 0.001734
-0.006902
-0.011263
-0.003518
-0.010217
-0.012506
-0.020119
-0.028040
-0.005249
-0.023336
-0.056330
-0.025686
-0.012550
 0.015017
-0.052060
-0.017663
-0.009631
-0.001534
 0.010470
-0.007890
 0.003989
-0.016695
 0.005061
